timestamp, eventType, delayFromPrevious, id, triggeredByEventID, triggersEventID
1.4;Background;1.4;0;-1;-1
2.5;Background;1.1;1;-1;-1
4.4;Background;1.9;2;-1;-1
5.4;Background;1;3;-1;0
5.4;Stimulus;5.4;0;3;-1
7.2;Background;1.8;4;-1;-1
8.9;Background;1.7;5;-1;1
8.9;Stimulus;3.5;1;5;-1
9.9;Background;1;6;-1;-1
11.4;Background;1.5;7;-1;-1
13.4;Background;2;8;-1;-1
14.6;Background;1.2;9;-1;2
14.6;Stimulus;5.7;2;9;-1
16.6;Background;2;10;-1;-1
17.9;Background;1.3;11;-1;3
17.9;Stimulus;3.3;3;11;0
17.9;Probe;17.9;0;3;-1
19.6;Background;1.7;12;-1;-1
20.7;Background;1.1;13;-1;-1
22.5;Background;1.8;14;-1;-1
23.6;Background;1.1;15;-1;4
23.6;Stimulus;5.7;4;15;-1
25.4;Background;1.8;16;-1;-1
26.9;Background;1.5;17;-1;5
26.9;Stimulus;3.3;5;17;1
26.9;Probe;9;1;5;-1
28.6;Background;1.7;18;-1;-1
30.2;Background;1.6;19;-1;6
30.2;Stimulus;3.3;6;19;-1
31.6;Background;1.4;20;-1;-1
33.2;Background;1.6;21;-1;-1
34.4;Background;1.2;22;-1;7
34.4;Stimulus;4.2;7;22;-1
36.2;Background;1.8;23;-1;-1
37.4;Background;1.2;24;-1;8
37.4;Stimulus;3;8;24;-1
39.3;Background;1.9;25;-1;-1
40.3;Background;1;26;-1;-1
42.2;Background;1.9;27;-1;9
42.2;Stimulus;4.8;9;27;2
42.2;Probe;15.3;2;9;-1
43.7;Background;1.5;28;-1;-1
45;Background;1.3;29;-1;-1
46.7;Background;1.7;30;-1;-1
47.9;Background;1.2;31;-1;10
47.9;Stimulus;5.7;10;31;-1
49.9;Background;2;32;-1;-1
50.9;Background;1;33;-1;-1
52.4;Background;1.5;34;-1;-1
53.9;Background;1.5;35;-1;11
53.9;Stimulus;6;11;35;3
53.9;Probe;11.7;3;11;-1
55.8;Background;1.9;36;-1;-1
56.9;Background;1.1;37;-1;-1
58.7;Background;1.8;38;-1;12
58.7;Stimulus;4.8;12;38;-1
60.2;Background;1.5;39;-1;-1
61.8;Background;1.6;40;-1;-1
62.9;Background;1.1;41;-1;13
62.9;Stimulus;4.2;13;41;-1
64.7;Background;1.8;42;-1;-1
66.1;Background;1.4;43;-1;-1
67.4;Background;1.3;44;-1;14
67.4;Stimulus;4.5;14;44;4
67.4;Probe;13.5;4;14;-1
69.4;Background;2;45;-1;-1
70.6;Background;1.2;46;-1;-1
72;Background;1.4;47;-1;15
72;Stimulus;4.6;15;47;-1
73.9;Background;1.9;48;-1;-1
75.9;Background;2;49;-1;16
75.9;Stimulus;3.9;16;49;-1
77.6;Background;1.7;50;-1;-1
79.4;Background;1.8;51;-1;-1
80.4;Background;1;52;-1;17
80.4;Stimulus;4.5;17;52;-1
82.4;Background;2;53;-1;-1
83.7;Background;1.3;54;-1;18
83.7;Stimulus;3.3;18;54;5
83.7;Probe;16.3;5;18;-1
84.9;Background;1.2;55;-1;-1
86.7;Background;1.8;56;-1;-1
88.6;Background;1.9;57;-1;-1
89.7;Background;1.1;58;-1;19
89.7;Stimulus;6;19;58;-1
90.7;Background;1;59;-1;-1
92.2;Background;1.5;60;-1;-1
94.2;Background;2;61;-1;-1
95.4;Background;1.2;62;-1;20
95.4;Stimulus;5.7;20;62;6
95.4;Probe;11.7;6;20;-1
96.8;Background;1.4;63;-1;-1
98.3;Background;1.5;64;-1;-1
99.6;Background;1.3;65;-1;21
99.6;Stimulus;4.2;21;65;-1
101.6;Background;2;66;-1;-1
103.2;Background;1.6;67;-1;22
103.2;Stimulus;3.6;22;67;-1
104.5;Background;1.3;68;-1;-1
105.9;Background;1.4;69;-1;-1
107.1;Background;1.2;70;-1;23
107.1;Stimulus;3.9;23;70;7
107.1;Probe;11.7;7;23;-1
108.6;Background;1.5;71;-1;-1
110.2;Background;1.6;72;-1;-1
111.5;Background;1.3;73;-1;-1
112.5;Background;1;74;-1;24
112.5;Stimulus;5.4;24;74;-1
114.4;Background;1.9;75;-1;-1
116.1;Background;1.7;76;-1;25
116.1;Stimulus;3.6;25;76;8
116.1;Probe;9;8;25;-1
117.3;Background;1.2;77;-1;-1
118.7;Background;1.4;78;-1;-1
120.2;Background;1.5;79;-1;-1
121.2;Background;1;80;-1;26
121.2;Stimulus;5.1;26;80;-1
122.9;Background;1.7;81;-1;-1
124;Background;1.1;82;-1;-1
125.8;Background;1.8;83;-1;-1
126.9;Background;1.1;84;-1;27
126.9;Stimulus;5.7;27;84;-1
128.7;Background;1.8;85;-1;-1
130.1;Background;1.4;86;-1;-1
131.4;Background;1.3;87;-1;28
131.4;Stimulus;4.5;28;87;9
131.4;Probe;15.3;9;28;-1
133.3;Background;1.9;88;-1;-1
134.4;Background;1.1;89;-1;29
134.4;Stimulus;3;29;89;-1
136.2;Background;1.8;90;-1;-1
137.9;Background;1.7;91;-1;30
137.9;Stimulus;3.5;30;91;-1
139.3;Background;1.4;92;-1;-1
140.9;Background;1.6;93;-1;-1
142.2;Background;1.3;94;-1;-1
143.9;Background;1.7;95;-1;31
143.9;Stimulus;6;31;95;10
143.9;Probe;12.5;10;31;-1
145;Background;1.1;96;-1;-1
146.7;Background;1.7;97;-1;-1
148;Background;1.3;98;-1;-1
149;Background;1;99;-1;32
149;Stimulus;5.1;32;99;-1
151;Background;2;100;-1;-1
152.2;Background;1.2;101;-1;-1
153.8;Background;1.6;102;-1;33
153.8;Stimulus;4.8;33;102;11
153.8;Probe;9.9;11;33;1
153.8;Level;153.8;1;11;-1
155.8;Background;2;103;-1;-1
157.4;Background;1.6;104;-1;34
157.4;Stimulus;3.6;34;104;-1
159.4;Background;2;105;-1;-1
160.4;Background;1;106;-1;-1
161.9;Background;1.5;107;-1;-1
163.4;Background;1.5;108;-1;35
163.4;Stimulus;6;35;108;-1
165.3;Background;1.9;109;-1;-1
166.3;Background;1;110;-1;-1
168.2;Background;1.9;111;-1;36
168.2;Stimulus;4.8;36;111;12
168.2;Probe;14.4;12;36;-1
170.2;Background;2;112;-1;-1
172.1;Background;1.9;113;-1;37
172.1;Stimulus;3.9;37;113;-1
173.6;Background;1.5;114;-1;-1
174.9;Background;1.3;115;-1;-1
176.6;Background;1.7;116;-1;-1
177.8;Background;1.2;117;-1;38
177.8;Stimulus;5.7;38;117;-1
179.7;Background;1.9;118;-1;-1
180.8;Background;1.1;119;-1;-1
182.6;Background;1.8;120;-1;39
182.6;Stimulus;4.8;39;120;13
182.6;Probe;14.4;13;39;-1
184;Background;1.4;121;-1;-1
185.3;Background;1.3;122;-1;-1
186.9;Background;1.6;123;-1;-1
188;Background;1.1;124;-1;40
188;Stimulus;5.4;40;124;-1
190;Background;2;125;-1;-1
191.2;Background;1.2;126;-1;-1
192.6;Background;1.4;127;-1;41
192.6;Stimulus;4.6;41;127;14
192.6;Probe;10;14;41;-1
193.8;Background;1.2;128;-1;-1
195.6;Background;1.8;129;-1;-1
197.5;Background;1.9;130;-1;-1
198.6;Background;1.1;131;-1;42
198.6;Stimulus;6;42;131;-1
200.5;Background;1.9;132;-1;-1
202.5;Background;2;133;-1;43
202.5;Stimulus;3.9;43;133;15
202.5;Probe;9.9;15;43;-1
203.8;Background;1.3;134;-1;-1
205.2;Background;1.4;135;-1;-1
206.4;Background;1.2;136;-1;44
206.4;Stimulus;3.9;44;136;-1
208.1;Background;1.7;137;-1;-1
209.7;Background;1.6;138;-1;-1
211.5;Background;1.8;139;-1;45
211.5;Stimulus;5.1;45;139;-1
213.5;Background;2;140;-1;-1
215.4;Background;1.9;141;-1;46
215.4;Stimulus;3.9;46;141;-1
216.8;Background;1.4;142;-1;-1
218.4;Background;1.6;143;-1;-1
219.6;Background;1.2;144;-1;47
219.6;Stimulus;4.2;47;144;16
219.6;Probe;17.1;16;47;-1
220.8;Background;1.2;145;-1;-1
222.2;Background;1.4;146;-1;-1
223.7;Background;1.5;147;-1;-1
224.7;Background;1;148;-1;48
224.7;Stimulus;5.1;48;148;-1
226.6;Background;1.9;149;-1;-1
228.6;Background;2;150;-1;49
228.6;Stimulus;3.9;49;150;-1
230;Background;1.4;151;-1;-1
231.6;Background;1.6;152;-1;-1
232.9;Background;1.3;153;-1;-1
234.6;Background;1.7;154;-1;50
234.6;Stimulus;6;50;154;-1
236.6;Background;2;155;-1;-1
237.6;Background;1;156;-1;51
237.6;Stimulus;3;51;156;17
237.6;Probe;18;17;51;-1
238.6;Background;1;157;-1;-1
240.1;Background;1.5;158;-1;-1
242.1;Background;2;159;-1;-1
243.3;Background;1.2;160;-1;52
243.3;Stimulus;5.7;52;160;-1
245.1;Background;1.8;161;-1;-1
246.6;Background;1.5;162;-1;53
246.6;Stimulus;3.3;53;162;-1
248.3;Background;1.7;163;-1;-1
250.1;Background;1.8;164;-1;-1
251.1;Background;1;165;-1;54
251.1;Stimulus;4.5;54;165;18
251.1;Probe;13.5;18;54;-1
252.2;Background;1.1;166;-1;-1
253.9;Background;1.7;167;-1;-1
255.2;Background;1.3;168;-1;-1
256.2;Background;1;169;-1;55
256.2;Stimulus;5.1;55;169;-1
257.6;Background;1.4;170;-1;-1
258.7;Background;1.1;171;-1;-1
260.6;Background;1.9;172;-1;-1
261.6;Background;1;173;-1;56
261.6;Stimulus;5.4;56;173;19
261.6;Probe;10.5;19;56;-1
263.3;Background;1.7;174;-1;-1
264.9;Background;1.6;175;-1;57
264.9;Stimulus;3.3;57;175;-1
266.6;Background;1.7;176;-1;-1
268.2;Background;1.6;177;-1;-1
270;Background;1.8;178;-1;58
270;Stimulus;5.1;58;178;-1
271.5;Background;1.5;179;-1;-1
273.1;Background;1.6;180;-1;-1
274.2;Background;1.1;181;-1;59
274.2;Stimulus;4.2;59;181;20
274.2;Probe;12.6;20;59;-1
275.7;Background;1.5;182;-1;-1
277.3;Background;1.6;183;-1;-1
278.6;Background;1.3;184;-1;-1
279.6;Background;1;185;-1;60
279.6;Stimulus;5.4;60;185;-1
281;Background;1.4;186;-1;-1
282.3;Background;1.3;187;-1;-1
283.9;Background;1.6;188;-1;-1
285;Background;1.1;189;-1;61
285;Stimulus;5.4;61;189;21
285;Probe;10.8;21;61;-1
286.4;Background;1.4;190;-1;-1
287.9;Background;1.5;191;-1;-1
289.2;Background;1.3;192;-1;62
289.2;Stimulus;4.2;62;192;-1
291;Background;1.8;193;-1;-1
292.2;Background;1.2;194;-1;63
292.2;Stimulus;3;63;194;-1
294.1;Background;1.9;195;-1;-1
295.2;Background;1.1;196;-1;64
295.2;Stimulus;3;64;196;-1
296.4;Background;1.2;197;-1;-1
297.8;Background;1.4;198;-1;-1
299.3;Background;1.5;199;-1;-1
300.3;Background;1;200;-1;65
300.3;Stimulus;5.1;65;200;22
300.3;Probe;15.3;22;65;-1
302;Background;1.7;201;-1;-1
303.1;Background;1.1;202;-1;-1
304.9;Background;1.8;203;-1;-1
306;Background;1.1;204;-1;66
306;Stimulus;5.7;66;204;-1
308;Background;2;205;-1;-1
309;Background;1;206;-1;-1
310.5;Background;1.5;207;-1;-1
312;Background;1.5;208;-1;67
312;Stimulus;6;67;208;23
312;Probe;11.7;23;67;-1
313.1;Background;1.1;209;-1;-1
314.8;Background;1.7;210;-1;-1
316.1;Background;1.3;211;-1;-1
317.1;Background;1;212;-1;68
317.1;Stimulus;5.1;68;212;-1
319.1;Background;2;213;-1;-1
320.3;Background;1.2;214;-1;-1
321.9;Background;1.6;215;-1;69
321.9;Stimulus;4.8;69;215;24
321.9;Probe;9.9;24;69;2
321.9;Level;168.1;2;24;-1
323.8;Background;1.9;216;-1;-1
325.5;Background;1.7;217;-1;70
325.5;Stimulus;3.6;70;217;-1
326.9;Background;1.4;218;-1;-1
328;Background;1.1;219;-1;-1
329.9;Background;1.9;220;-1;-1
330.9;Background;1;221;-1;71
330.9;Stimulus;5.4;71;221;-1
332.2;Background;1.3;222;-1;-1
333.6;Background;1.4;223;-1;-1
334.8;Background;1.2;224;-1;72
334.8;Stimulus;3.9;72;224;-1
336.6;Background;1.8;225;-1;-1
338;Background;1.4;226;-1;-1
339.3;Background;1.3;227;-1;73
339.3;Stimulus;4.5;73;227;25
339.3;Probe;17.4;25;73;-1
340.5;Background;1.2;228;-1;-1
342.3;Background;1.8;229;-1;-1
344.2;Background;1.9;230;-1;-1
345.3;Background;1.1;231;-1;74
345.3;Stimulus;6;74;231;-1
347.3;Background;2;232;-1;-1
348.3;Background;1;233;-1;75
348.3;Stimulus;3;75;233;26
348.3;Probe;9;26;75;-1
350.2;Background;1.9;234;-1;-1
351.2;Background;1;235;-1;-1
353.1;Background;1.9;236;-1;76
353.1;Stimulus;4.8;76;236;-1
355.1;Background;2;237;-1;-1
356.4;Background;1.3;238;-1;77
356.4;Stimulus;3.3;77;238;-1
357.8;Background;1.4;239;-1;-1
359.4;Background;1.6;240;-1;-1
360.7;Background;1.3;241;-1;-1
362.4;Background;1.7;242;-1;78
362.4;Stimulus;6;78;242;-1
364.2;Background;1.8;243;-1;-1
365.4;Background;1.2;244;-1;79
365.4;Stimulus;3;79;244;27
365.4;Probe;17.1;27;79;-1
366.9;Background;1.5;245;-1;-1
368.5;Background;1.6;246;-1;-1
369.8;Background;1.3;247;-1;-1
370.8;Background;1;248;-1;80
370.8;Stimulus;5.4;80;248;-1
372.8;Background;2;249;-1;-1
374;Background;1.2;250;-1;-1
375.4;Background;1.4;251;-1;81
375.4;Stimulus;4.6;81;251;28
375.4;Probe;10;28;81;-1
377.2;Background;1.8;252;-1;-1
378.7;Background;1.5;253;-1;82
378.7;Stimulus;3.3;82;253;-1
380.1;Background;1.4;254;-1;-1
381.7;Background;1.6;255;-1;-1
382.9;Background;1.2;256;-1;83
382.9;Stimulus;4.2;83;256;-1
384.8;Background;1.9;257;-1;-1
385.9;Background;1.1;258;-1;84
385.9;Stimulus;3;84;258;-1
387.8;Background;1.9;259;-1;-1
388.9;Background;1.1;260;-1;-1
390.7;Background;1.8;261;-1;85
390.7;Stimulus;4.8;85;261;29
390.7;Probe;15.3;29;85;-1
392.2;Background;1.5;262;-1;-1
393.5;Background;1.3;263;-1;-1
395.2;Background;1.7;264;-1;-1
396.4;Background;1.2;265;-1;86
396.4;Stimulus;5.7;86;265;-1
397.8;Background;1.4;266;-1;-1
399.1;Background;1.3;267;-1;-1
400.7;Background;1.6;268;-1;-1
401.8;Background;1.1;269;-1;87
401.8;Stimulus;5.4;87;269;-1
403.5;Background;1.7;270;-1;-1
405.1;Background;1.6;271;-1;88
405.1;Stimulus;3.3;88;271;30
405.1;Probe;14.4;30;88;-1
407.1;Background;2;272;-1;-1
409;Background;1.9;273;-1;89
409;Stimulus;3.9;89;273;-1
410.7;Background;1.7;274;-1;-1
412.3;Background;1.6;275;-1;-1
414.1;Background;1.8;276;-1;90
414.1;Stimulus;5.1;90;276;-1
416;Background;1.9;277;-1;-1
418;Background;2;278;-1;91
418;Stimulus;3.9;91;278;-1
419.5;Background;1.5;279;-1;-1
421.1;Background;1.6;280;-1;-1
422.2;Background;1.1;281;-1;92
422.2;Stimulus;4.2;92;281;31
422.2;Probe;17.1;31;92;-1
423.2;Background;1;282;-1;-1
424.7;Background;1.5;283;-1;-1
426.7;Background;2;284;-1;-1
427.9;Background;1.2;285;-1;93
427.9;Stimulus;5.7;93;285;-1
429.9;Background;2;286;-1;-1
431.2;Background;1.3;287;-1;94
431.2;Stimulus;3.3;94;287;32
431.2;Probe;9;32;94;-1
433.2;Background;2;288;-1;-1
434.2;Background;1;289;-1;95
434.2;Stimulus;3;95;289;-1
435.6;Background;1.4;290;-1;-1
436.7;Background;1.1;291;-1;-1
438.6;Background;1.9;292;-1;-1
439.6;Background;1;293;-1;96
439.6;Stimulus;5.4;96;293;-1
441;Background;1.4;294;-1;-1
442.5;Background;1.5;295;-1;-1
443.8;Background;1.3;296;-1;97
443.8;Stimulus;4.2;97;296;33
443.8;Probe;12.6;33;97;-1
445;Background;1.2;297;-1;-1
446.4;Background;1.4;298;-1;-1
447.9;Background;1.5;299;-1;-1
448.9;Background;1;300;-1;98
448.9;Stimulus;5.1;98;300;-1
450.6;Background;1.7;301;-1;-1
451.7;Background;1.1;302;-1;-1
453.5;Background;1.8;303;-1;-1
454.6;Background;1.1;304;-1;99
454.6;Stimulus;5.7;99;304;34
454.6;Probe;10.8;34;99;-1
456;Background;1.4;305;-1;-1
457.6;Background;1.6;306;-1;-1
458.8;Background;1.2;307;-1;100
458.8;Stimulus;4.2;100;307;-1
460.8;Background;2;308;-1;-1
462;Background;1.2;309;-1;-1
463.6;Background;1.6;310;-1;101
463.6;Stimulus;4.8;101;310;-1
465.3;Background;1.7;311;-1;-1
467.1;Background;1.8;312;-1;-1
468.1;Background;1;313;-1;102
468.1;Stimulus;4.5;102;313;-1
469.9;Background;1.8;314;-1;-1
471.3;Background;1.4;315;-1;-1
472.6;Background;1.3;316;-1;103
472.6;Stimulus;4.5;103;316;35
472.6;Probe;18;35;103;-1
473.7;Background;1.1;317;-1;-1
475.4;Background;1.7;318;-1;-1
476.7;Background;1.3;319;-1;-1
477.7;Background;1;320;-1;104
477.7;Stimulus;5.1;104;320;-1
479.5;Background;1.8;321;-1;-1
481.2;Background;1.7;322;-1;105
481.2;Stimulus;3.5;105;322;-1
483.1;Background;1.9;323;-1;-1
484.1;Background;1;324;-1;-1
486;Background;1.9;325;-1;106
486;Stimulus;4.8;106;325;36
486;Probe;13.4;36;106;3
486;Level;164.1;3;36;-1
487.5;Background;1.5;326;-1;-1
489.1;Background;1.6;327;-1;-1
490.4;Background;1.3;328;-1;-1
491.4;Background;1;329;-1;107
491.4;Stimulus;5.4;107;329;-1
493.4;Background;2;330;-1;-1
495;Background;1.6;331;-1;108
495;Stimulus;3.6;108;331;-1
496.5;Background;1.5;332;-1;-1
497.8;Background;1.3;333;-1;-1
499.5;Background;1.7;334;-1;-1
500.7;Background;1.2;335;-1;109
500.7;Stimulus;5.7;109;335;-1
502.5;Background;1.8;336;-1;-1
504;Background;1.5;337;-1;110
504;Stimulus;3.3;110;337;37
504;Probe;18;37;110;-1
505.9;Background;1.9;338;-1;-1
507;Background;1.1;339;-1;-1
508.8;Background;1.8;340;-1;111
508.8;Stimulus;4.8;111;340;-1
510.3;Background;1.5;341;-1;-1
511.9;Background;1.6;342;-1;-1
513;Background;1.1;343;-1;112
513;Stimulus;4.2;112;343;-1
515;Background;2;344;-1;-1
516.2;Background;1.2;345;-1;-1
517.6;Background;1.4;346;-1;113
517.6;Stimulus;4.6;113;346;38
517.6;Probe;13.6;38;113;-1
519.5;Background;1.9;347;-1;-1
521.2;Background;1.7;348;-1;114
521.2;Stimulus;3.6;114;348;-1
522.6;Background;1.4;349;-1;-1
524.1;Background;1.5;350;-1;-1
525.4;Background;1.3;351;-1;115
525.4;Stimulus;4.2;115;351;-1
527.4;Background;2;352;-1;-1
528.6;Background;1.2;353;-1;-1
530.2;Background;1.6;354;-1;116
530.2;Stimulus;4.8;116;354;-1
532;Background;1.8;355;-1;-1
533.7;Background;1.7;356;-1;117
533.7;Stimulus;3.5;117;356;39
533.7;Probe;16.1;39;117;-1
535.7;Background;2;357;-1;-1
536.7;Background;1;358;-1;-1
538.2;Background;1.5;359;-1;-1
539.7;Background;1.5;360;-1;118
539.7;Stimulus;6;118;360;-1
541.5;Background;1.8;361;-1;-1
542.7;Background;1.2;362;-1;119
542.7;Stimulus;3;119;362;-1
544.4;Background;1.7;363;-1;-1
546;Background;1.6;364;-1;120
546;Stimulus;3.3;120;364;-1
547.3;Background;1.3;365;-1;-1
548.7;Background;1.4;366;-1;-1
549.9;Background;1.2;367;-1;121
549.9;Stimulus;3.9;121;367;40
549.9;Probe;16.2;40;121;-1
551.9;Background;2;368;-1;-1
553.5;Background;1.6;369;-1;122
553.5;Stimulus;3.6;122;369;-1
554.7;Background;1.2;370;-1;-1
556.5;Background;1.8;371;-1;-1
558.4;Background;1.9;372;-1;-1
559.5;Background;1.1;373;-1;123
559.5;Stimulus;6;123;373;-1
561.4;Background;1.9;374;-1;-1
562.4;Background;1;375;-1;-1
564.3;Background;1.9;376;-1;124
564.3;Stimulus;4.8;124;376;41
564.3;Probe;14.4;41;124;-1
566;Background;1.7;377;-1;-1
567.6;Background;1.6;378;-1;-1
569.4;Background;1.8;379;-1;125
569.4;Stimulus;5.1;125;379;-1
570.4;Background;1;380;-1;-1
571.9;Background;1.5;381;-1;-1
573.9;Background;2;382;-1;-1
575.1;Background;1.2;383;-1;126
575.1;Stimulus;5.7;126;383;-1
576.8;Background;1.7;384;-1;-1
578.6;Background;1.8;385;-1;-1
579.6;Background;1;386;-1;127
579.6;Stimulus;4.5;127;386;42
579.6;Probe;15.3;42;127;-1
581;Background;1.4;387;-1;-1
582.6;Background;1.6;388;-1;-1
583.8;Background;1.2;389;-1;128
583.8;Stimulus;4.2;128;389;-1
585.7;Background;1.9;390;-1;-1
586.8;Background;1.1;391;-1;129
586.8;Stimulus;3;129;391;-1
588.8;Background;2;392;-1;-1
589.8;Background;1;393;-1;130
589.8;Stimulus;3;130;393;-1
591;Background;1.2;394;-1;-1
592.4;Background;1.4;395;-1;-1
593.9;Background;1.5;396;-1;-1
594.9;Background;1;397;-1;131
594.9;Stimulus;5.1;131;397;43
594.9;Probe;15.3;43;131;-1
596.9;Background;2;398;-1;-1
598.8;Background;1.9;399;-1;132
598.8;Stimulus;3.9;132;399;-1
600.5;Background;1.7;400;-1;-1
601.6;Background;1.1;401;-1;-1
603.4;Background;1.8;402;-1;-1
604.5;Background;1.1;403;-1;133
604.5;Stimulus;5.7;133;403;-1
606.4;Background;1.9;404;-1;-1
607.5;Background;1.1;405;-1;-1
609.3;Background;1.8;406;-1;134
609.3;Stimulus;4.8;134;406;44
609.3;Probe;14.4;44;134;-1
611.1;Background;1.8;407;-1;-1
612.5;Background;1.4;408;-1;-1
613.8;Background;1.3;409;-1;135
613.8;Stimulus;4.5;135;409;-1
615.7;Background;1.9;410;-1;-1
617.7;Background;2;411;-1;136
617.7;Stimulus;3.9;136;411;-1
619.7;Background;2;412;-1;-1
620.9;Background;1.2;413;-1;-1
622.3;Background;1.4;414;-1;137
622.3;Stimulus;4.6;137;414;-1
624.3;Background;2;415;-1;-1
625.6;Background;1.3;416;-1;138
625.6;Stimulus;3.3;138;416;45
625.6;Probe;16.3;45;138;-1
627.1;Background;1.5;417;-1;-1
628.4;Background;1.3;418;-1;-1
630.1;Background;1.7;419;-1;-1
631.3;Background;1.2;420;-1;139
631.3;Stimulus;5.7;139;420;-1
633.1;Background;1.8;421;-1;-1
634.6;Background;1.5;422;-1;140
634.6;Stimulus;3.3;140;422;-1
636.3;Background;1.7;423;-1;-1
638.1;Background;1.8;424;-1;-1
639.1;Background;1;425;-1;141
639.1;Stimulus;4.5;141;425;46
639.1;Probe;13.5;46;141;-1
640.5;Background;1.4;426;-1;-1
641.8;Background;1.3;427;-1;-1
643.4;Background;1.6;428;-1;-1
644.5;Background;1.1;429;-1;142
644.5;Stimulus;5.4;142;429;-1
646.4;Background;1.9;430;-1;-1
648.1;Background;1.7;431;-1;143
648.1;Stimulus;3.6;143;431;47
648.1;Probe;9;47;143;-1
649.2;Background;1.1;432;-1;-1
650.9;Background;1.7;433;-1;-1
652.2;Background;1.3;434;-1;-1
653.2;Background;1;435;-1;144
653.2;Stimulus;5.1;144;435;-1
654.6;Background;1.4;436;-1;-1
655.7;Background;1.1;437;-1;-1
657.6;Background;1.9;438;-1;-1
658.6;Background;1;439;-1;145
658.6;Stimulus;5.4;145;439;48
658.6;Probe;10.5;48;145;-1
660.4;Background;1.8;440;-1;-1
662.1;Background;1.7;441;-1;146
662.1;Stimulus;3.5;146;441;-1
663.6;Background;1.5;442;-1;-1
665.2;Background;1.6;443;-1;-1
666.5;Background;1.3;444;-1;-1
667.5;Background;1;445;-1;147
667.5;Stimulus;5.4;147;445;-1
668.8;Background;1.3;446;-1;-1
670.2;Background;1.4;447;-1;-1
671.4;Background;1.2;448;-1;148
671.4;Stimulus;3.9;148;448;-1
673.2;Background;1.8;449;-1;-1
674.6;Background;1.4;450;-1;-1
675.9;Background;1.3;451;-1;149
675.9;Stimulus;4.5;149;451;49
675.9;Probe;17.3;49;149;4
675.9;Level;189.9;4;49;-1
677.3;Background;1.4;452;-1;-1
678.6;Background;1.3;453;-1;-1
680.2;Background;1.6;454;-1;-1
681.3;Background;1.1;455;-1;150
681.3;Stimulus;5.4;150;455;-1
682.7;Background;1.4;456;-1;-1
683.8;Background;1.1;457;-1;-1
685.7;Background;1.9;458;-1;-1
686.7;Background;1;459;-1;151
686.7;Stimulus;5.4;151;459;50
686.7;Probe;10.8;50;151;-1
688.4;Background;1.7;460;-1;-1
690;Background;1.6;461;-1;-1
691.8;Background;1.8;462;-1;152
691.8;Stimulus;5.1;152;462;-1
693.8;Background;2;463;-1;-1
695.7;Background;1.9;464;-1;153
695.7;Stimulus;3.9;153;464;-1
697.1;Background;1.4;465;-1;-1
698.7;Background;1.6;466;-1;-1
700;Background;1.3;467;-1;-1
701.7;Background;1.7;468;-1;154
701.7;Stimulus;6;154;468;-1
703.5;Background;1.8;469;-1;-1
704.7;Background;1.2;470;-1;155
704.7;Stimulus;3;155;470;51
704.7;Probe;18;51;155;-1
706.7;Background;2;471;-1;-1
707.7;Background;1;472;-1;-1
709.2;Background;1.5;473;-1;-1
710.7;Background;1.5;474;-1;156
710.7;Stimulus;6;156;474;-1
712.6;Background;1.9;475;-1;-1
713.7;Background;1.1;476;-1;157
713.7;Stimulus;3;157;476;52
713.7;Probe;9;52;157;-1
714.9;Background;1.2;477;-1;-1
716.3;Background;1.4;478;-1;-1
717.8;Background;1.5;479;-1;-1
718.8;Background;1;480;-1;158
718.8;Stimulus;5.1;158;480;-1
719.8;Background;1;481;-1;-1
721.3;Background;1.5;482;-1;-1
723.3;Background;2;483;-1;-1
724.5;Background;1.2;484;-1;159
724.5;Stimulus;5.7;159;484;53
724.5;Probe;10.8;53;159;-1
725.6;Background;1.1;485;-1;-1
727.3;Background;1.7;486;-1;-1
728.6;Background;1.3;487;-1;-1
729.6;Background;1;488;-1;160
729.6;Stimulus;5.1;160;488;-1
731.6;Background;2;489;-1;-1
733.2;Background;1.6;490;-1;161
733.2;Stimulus;3.6;161;490;-1
735.2;Background;2;491;-1;-1
736.4;Background;1.2;492;-1;-1
738;Background;1.6;493;-1;162
738;Stimulus;4.8;162;493;54
738;Probe;13.5;54;162;-1
739.5;Background;1.5;494;-1;-1
741.1;Background;1.6;495;-1;-1
742.2;Background;1.1;496;-1;163
742.2;Stimulus;4.2;163;496;-1
744.1;Background;1.9;497;-1;-1
745.1;Background;1;498;-1;-1
747;Background;1.9;499;-1;164
747;Stimulus;4.8;164;499;-1
749;Background;2;500;-1;-1
750.2;Background;1.2;501;-1;-1
751.6;Background;1.4;502;-1;165
751.6;Stimulus;4.6;165;502;-1
753.3;Background;1.7;503;-1;-1
755.1;Background;1.8;504;-1;-1
756.1;Background;1;505;-1;166
756.1;Stimulus;4.5;166;505;55
756.1;Probe;18.1;55;166;-1
757.8;Background;1.7;506;-1;-1
759.4;Background;1.6;507;-1;-1
761.2;Background;1.8;508;-1;167
761.2;Stimulus;5.1;167;508;-1
762.7;Background;1.5;509;-1;-1
764.3;Background;1.6;510;-1;-1
765.6;Background;1.3;511;-1;-1
766.6;Background;1;512;-1;168
766.6;Stimulus;5.4;168;512;56
766.6;Probe;10.5;56;168;-1
768;Background;1.4;513;-1;-1
769.3;Background;1.3;514;-1;-1
770.9;Background;1.6;515;-1;-1
772;Background;1.1;516;-1;169
772;Stimulus;5.4;169;516;-1
773.9;Background;1.9;517;-1;-1
775.6;Background;1.7;518;-1;170
775.6;Stimulus;3.6;170;518;-1
777.3;Background;1.7;519;-1;-1
778.4;Background;1.1;520;-1;-1
780.2;Background;1.8;521;-1;-1
781.3;Background;1.1;522;-1;171
781.3;Stimulus;5.7;171;522;-1
783;Background;1.7;523;-1;-1
784.6;Background;1.6;524;-1;172
784.6;Stimulus;3.3;172;524;57
784.6;Probe;18;57;172;-1
786.1;Background;1.5;525;-1;-1
787.4;Background;1.3;526;-1;-1
789.1;Background;1.7;527;-1;-1
790.3;Background;1.2;528;-1;173
790.3;Stimulus;5.7;173;528;-1
791.7;Background;1.4;529;-1;-1
792.8;Background;1.1;530;-1;-1
794.7;Background;1.9;531;-1;-1
795.7;Background;1;532;-1;174
795.7;Stimulus;5.4;174;532;-1
797.7;Background;2;533;-1;-1
799;Background;1.3;534;-1;175
799;Stimulus;3.3;175;534;58
799;Probe;14.4;58;175;-1
800.2;Background;1.2;535;-1;-1
802;Background;1.8;536;-1;-1
803.9;Background;1.9;537;-1;-1
805;Background;1.1;538;-1;176
805;Stimulus;6;176;538;-1
806;Background;1;539;-1;-1
807.5;Background;1.5;540;-1;-1
809.5;Background;2;541;-1;-1
810.7;Background;1.2;542;-1;177
810.7;Stimulus;5.7;177;542;59
810.7;Probe;11.7;59;177;-1
812.1;Background;1.4;543;-1;-1
813.7;Background;1.6;544;-1;-1
815;Background;1.3;545;-1;-1
816.7;Background;1.7;546;-1;178
816.7;Stimulus;6;178;546;-1
818.6;Background;1.9;547;-1;-1
820.6;Background;2;548;-1;179
820.6;Stimulus;3.9;179;548;60
820.6;Probe;9.9;60;179;-1
822.6;Background;2;549;-1;-1
823.6;Background;1;550;-1;180
823.6;Stimulus;3;180;550;-1
825.4;Background;1.8;551;-1;-1
827.1;Background;1.7;552;-1;181
827.1;Stimulus;3.5;181;552;-1
829.1;Background;2;553;-1;-1
830.1;Background;1;554;-1;-1
831.6;Background;1.5;555;-1;-1
833.1;Background;1.5;556;-1;182
833.1;Stimulus;6;182;556;61
833.1;Probe;12.5;61;182;5
833.1;Level;157.2;5;61;-1
834.3;Background;1.2;557;-1;-1
835.7;Background;1.4;558;-1;-1
837.2;Background;1.5;559;-1;-1
838.2;Background;1;560;-1;183
838.2;Stimulus;5.1;183;560;-1
840.1;Background;1.9;561;-1;-1
841.2;Background;1.1;562;-1;-1
843;Background;1.8;563;-1;184
843;Stimulus;4.8;184;563;62
843;Probe;9.9;62;184;-1
845;Background;2;564;-1;-1
846.6;Background;1.6;565;-1;185
846.6;Stimulus;3.6;185;565;-1
847.8;Background;1.2;566;-1;-1
849.6;Background;1.8;567;-1;-1
851.5;Background;1.9;568;-1;-1
852.6;Background;1.1;569;-1;186
852.6;Stimulus;6;186;569;-1
854.6;Background;2;570;-1;-1
855.8;Background;1.2;571;-1;-1
857.4;Background;1.6;572;-1;187
857.4;Stimulus;4.8;187;572;63
857.4;Probe;14.4;63;187;-1
858.8;Background;1.4;573;-1;-1
860.3;Background;1.5;574;-1;-1
861.6;Background;1.3;575;-1;188
861.6;Stimulus;4.2;188;575;-1
863.5;Background;1.9;576;-1;-1
865.2;Background;1.7;577;-1;189
865.2;Stimulus;3.6;189;577;-1
866.5;Background;1.3;578;-1;-1
867.9;Background;1.4;579;-1;-1
869.1;Background;1.2;580;-1;190
869.1;Stimulus;3.9;190;580;64
869.1;Probe;11.7;64;190;-1
870.9;Background;1.8;581;-1;-1
872.6;Background;1.7;582;-1;191
872.6;Stimulus;3.5;191;582;-1
874;Background;1.4;583;-1;-1
875.6;Background;1.6;584;-1;-1
876.8;Background;1.2;585;-1;192
876.8;Stimulus;4.2;192;585;-1
878.7;Background;1.9;586;-1;-1
879.7;Background;1;587;-1;-1
881.6;Background;1.9;588;-1;193
881.6;Stimulus;4.8;193;588;-1
883.6;Background;2;589;-1;-1
885.2;Background;1.6;590;-1;194
885.2;Stimulus;3.6;194;590;65
885.2;Probe;16.1;65;194;-1
886.9;Background;1.7;591;-1;-1
888;Background;1.1;592;-1;-1
889.8;Background;1.8;593;-1;-1
890.9;Background;1.1;594;-1;195
890.9;Stimulus;5.7;195;594;-1
892.7;Background;1.8;595;-1;-1
894.2;Background;1.5;596;-1;196
894.2;Stimulus;3.3;196;596;66
894.2;Probe;9;66;196;-1
895.9;Background;1.7;597;-1;-1
897.5;Background;1.6;598;-1;197
897.5;Stimulus;3.3;197;598;-1
898.6;Background;1.1;599;-1;-1
900.300000000001;Background;1.7;600;-1;-1
901.6;Background;1.3;601;-1;-1
902.6;Background;1;602;-1;198
902.6;Stimulus;5.1;198;602;-1
904.1;Background;1.5;603;-1;-1
905.700000000001;Background;1.6;604;-1;-1
906.800000000001;Background;1.1;605;-1;199
906.8;Stimulus;4.2;199;605;67
906.8;Probe;12.6;67;199;-1
908.300000000001;Background;1.5;606;-1;-1
909.900000000001;Background;1.6;607;-1;-1
911.200000000001;Background;1.3;608;-1;-1
912.200000000001;Background;1;609;-1;200
912.2;Stimulus;5.4;200;609;-1
914;Background;1.8;610;-1;-1
915.4;Background;1.4;611;-1;-1
916.7;Background;1.3;612;-1;201
916.7;Stimulus;4.5;201;612;68
916.7;Probe;9.9;68;201;-1
918.6;Background;1.9;613;-1;-1
919.7;Background;1.1;614;-1;-1
921.5;Background;1.8;615;-1;202
921.5;Stimulus;4.8;202;615;-1
923.5;Background;2;616;-1;-1
924.8;Background;1.3;617;-1;203
924.8;Stimulus;3.3;203;617;-1
926.2;Background;1.4;618;-1;-1
927.8;Background;1.6;619;-1;-1
929.1;Background;1.3;620;-1;-1
930.8;Background;1.7;621;-1;204
930.8;Stimulus;6;204;621;-1
932.6;Background;1.8;622;-1;-1
933.8;Background;1.2;623;-1;205
933.8;Stimulus;3;205;623;69
933.8;Probe;17.1;69;205;-1
935.8;Background;2;624;-1;-1
937.7;Background;1.9;625;-1;206
937.7;Stimulus;3.9;206;625;-1
939.2;Background;1.5;626;-1;-1
940.5;Background;1.3;627;-1;-1
942.2;Background;1.7;628;-1;-1
943.4;Background;1.2;629;-1;207
943.4;Stimulus;5.7;207;629;-1
945.4;Background;2;630;-1;-1
946.6;Background;1.2;631;-1;-1
948.2;Background;1.6;632;-1;208
948.2;Stimulus;4.8;208;632;70
948.2;Probe;14.4;70;208;-1
949.2;Background;1;633;-1;-1
950.7;Background;1.5;634;-1;-1
952.7;Background;2;635;-1;-1
953.9;Background;1.2;636;-1;209
953.9;Stimulus;5.7;209;636;-1
955.9;Background;2;637;-1;-1
956.9;Background;1;638;-1;-1
958.4;Background;1.5;639;-1;-1
959.9;Background;1.5;640;-1;210
959.9;Stimulus;6;210;640;71
959.9;Probe;11.7;71;210;-1
961.3;Background;1.4;641;-1;-1
962.6;Background;1.3;642;-1;-1
964.2;Background;1.6;643;-1;-1
965.3;Background;1.1;644;-1;211
965.3;Stimulus;5.4;211;644;-1
966.7;Background;1.4;645;-1;-1
967.8;Background;1.1;646;-1;-1
969.7;Background;1.9;647;-1;-1
970.7;Background;1;648;-1;212
970.7;Stimulus;5.4;212;648;72
970.7;Probe;10.8;72;212;-1
972.6;Background;1.9;649;-1;-1
973.6;Background;1;650;-1;-1
975.5;Background;1.9;651;-1;213
975.5;Stimulus;4.8;213;651;-1
976.9;Background;1.4;652;-1;-1
978.4;Background;1.5;653;-1;-1
979.7;Background;1.3;654;-1;214
979.7;Stimulus;4.2;214;654;-1
981.7;Background;2;655;-1;-1
982.9;Background;1.2;656;-1;-1
984.3;Background;1.4;657;-1;215
984.3;Stimulus;4.6;215;657;73
984.3;Probe;13.6;73;215;-1
986;Background;1.7;658;-1;-1
987.1;Background;1.1;659;-1;-1
988.9;Background;1.8;660;-1;-1
990;Background;1.1;661;-1;216
990;Stimulus;5.7;216;661;-1
991.8;Background;1.8;662;-1;-1
993.3;Background;1.5;663;-1;217
993.3;Stimulus;3.3;217;663;-1
995;Background;1.7;664;-1;-1
996.8;Background;1.8;665;-1;-1
997.8;Background;1;666;-1;218
997.8;Stimulus;4.5;218;666;74
997.8;Probe;13.5;74;218;6
997.8;Level;164.7;6;74;-1
999.7;Background;1.9;667;-1;-1
1000.8;Background;1.1;668;-1;219
1000.8;Stimulus;3;219;668;-1
1002.3;Background;1.5;669;-1;-1
1003.9;Background;1.6;670;-1;-1
1005.2;Background;1.3;671;-1;-1
1006.2;Background;1;672;-1;220
1006.2;Stimulus;5.4;220;672;-1
1007.6;Background;1.4;673;-1;-1
1009.2;Background;1.6;674;-1;-1
1010.4;Background;1.2;675;-1;221
1010.4;Stimulus;4.2;221;675;75
1010.4;Probe;12.6;75;221;-1
1012.1;Background;1.7;676;-1;-1
1013.7;Background;1.6;677;-1;222
1013.7;Stimulus;3.3;222;677;-1
1015.2;Background;1.5;678;-1;-1
1016.8;Background;1.6;679;-1;-1
1017.9;Background;1.1;680;-1;223
1017.9;Stimulus;4.2;223;680;-1
1019.9;Background;2;681;-1;-1
1020.9;Background;1;682;-1;224
1020.9;Stimulus;3;224;682;-1
1022.8;Background;1.9;683;-1;-1
1023.9;Background;1.1;684;-1;-1
1025.7;Background;1.8;685;-1;225
1025.7;Stimulus;4.8;225;685;76
1025.7;Probe;15.3;76;225;-1
1027.1;Background;1.4;686;-1;-1
1028.4;Background;1.3;687;-1;-1
1030;Background;1.6;688;-1;-1
1031.1;Background;1.1;689;-1;226
1031.1;Stimulus;5.4;226;689;-1
1033;Background;1.9;690;-1;-1
1034.7;Background;1.7;691;-1;227
1034.7;Stimulus;3.6;227;691;77
1034.7;Probe;9;77;227;-1
1036.5;Background;1.8;692;-1;-1
1037.7;Background;1.2;693;-1;228
1037.7;Stimulus;3;228;693;-1
1039.5;Background;1.8;694;-1;-1
1041.2;Background;1.7;695;-1;229
1041.2;Stimulus;3.5;229;695;-1
1042.4;Background;1.2;696;-1;-1
1044.2;Background;1.8;697;-1;-1
1046.1;Background;1.9;698;-1;-1
1047.2;Background;1.1;699;-1;230
1047.2;Stimulus;6;230;699;78
1047.2;Probe;12.5;78;230;-1
1048.6;Background;1.4;700;-1;-1
1050.2;Background;1.6;701;-1;-1
1051.5;Background;1.3;702;-1;-1
1053.2;Background;1.7;703;-1;231
1053.2;Stimulus;6;231;703;-1
1055.1;Background;1.9;704;-1;-1
1057.1;Background;2;705;-1;232
1057.1;Stimulus;3.9;232;705;79
1057.1;Probe;9.9;79;232;-1
1059.1;Background;2;706;-1;-1
1060.1;Background;1;707;-1;-1
1061.6;Background;1.5;708;-1;-1
1063.1;Background;1.5;709;-1;233
1063.1;Stimulus;6;233;709;-1
1065;Background;1.9;710;-1;-1
1066.1;Background;1.1;711;-1;234
1066.1;Stimulus;3;234;711;-1
1068.1;Background;2;712;-1;-1
1069.4;Background;1.3;713;-1;235
1069.4;Stimulus;3.3;235;713;-1
1070.7;Background;1.3;714;-1;-1
1072.1;Background;1.4;715;-1;-1
1073.3;Background;1.2;716;-1;236
1073.3;Stimulus;3.9;236;716;80
1073.3;Probe;16.2;80;236;-1
1074.5;Background;1.2;717;-1;-1
1076.3;Background;1.8;718;-1;-1
1078.2;Background;1.9;719;-1;-1
1079.3;Background;1.1;720;-1;237
1079.3;Stimulus;6;237;720;-1
1080.8;Background;1.5;721;-1;-1
1082.1;Background;1.3;722;-1;-1
1083.8;Background;1.7;723;-1;-1
1085;Background;1.2;724;-1;238
1085;Stimulus;5.7;238;724;81
1085;Probe;11.7;81;238;-1
1086.7;Background;1.7;725;-1;-1
1088.3;Background;1.6;726;-1;-1
1090.1;Background;1.8;727;-1;239
1090.1;Stimulus;5.1;239;727;-1
1092.1;Background;2;728;-1;-1
1094;Background;1.9;729;-1;240
1094;Stimulus;3.9;240;729;-1
1095.4;Background;1.4;730;-1;-1
1097;Background;1.6;731;-1;-1
1098.3;Background;1.3;732;-1;-1
1100;Background;1.7;733;-1;241
1100;Stimulus;6;241;733;-1
1102;Background;2;734;-1;-1
1103;Background;1;735;-1;242
1103;Stimulus;3;242;735;82
1103;Probe;18;82;242;-1
1104.8;Background;1.8;736;-1;-1
1106.2;Background;1.4;737;-1;-1
1107.5;Background;1.3;738;-1;243
1107.5;Stimulus;4.5;243;738;-1
1109.4;Background;1.9;739;-1;-1
1111.4;Background;2;740;-1;244
1111.4;Stimulus;3.9;244;740;-1
1113.4;Background;2;741;-1;-1
1114.6;Background;1.2;742;-1;-1
1116;Background;1.4;743;-1;245
1116;Stimulus;4.6;245;743;-1
1117.8;Background;1.8;744;-1;-1
1119.3;Background;1.5;745;-1;246
1119.3;Stimulus;3.3;246;745;83
1119.3;Probe;16.3;83;246;-1
1121;Background;1.7;746;-1;-1
1122.6;Background;1.6;747;-1;247
1122.6;Stimulus;3.3;247;747;-1
1123.8;Background;1.2;748;-1;-1
1125.2;Background;1.4;749;-1;-1
1126.7;Background;1.5;750;-1;-1
1127.7;Background;1;751;-1;248
1127.7;Stimulus;5.1;248;751;-1
1129.1;Background;1.4;752;-1;-1
1130.6;Background;1.5;753;-1;-1
1131.9;Background;1.3;754;-1;249
1131.9;Stimulus;4.2;249;754;84
1131.9;Probe;12.6;84;249;-1
1133;Background;1.1;755;-1;-1
1134.7;Background;1.7;756;-1;-1
1136;Background;1.3;757;-1;-1
1137;Background;1;758;-1;250
1137;Stimulus;5.1;250;758;-1
1139;Background;2;759;-1;-1
1140.2;Background;1.2;760;-1;-1
1141.8;Background;1.6;761;-1;251
1141.8;Stimulus;4.8;251;761;85
1141.8;Probe;9.9;85;251;-1
1143.1;Background;1.3;762;-1;-1
1144.5;Background;1.4;763;-1;-1
1145.7;Background;1.2;764;-1;252
1145.7;Stimulus;3.9;252;764;-1
1147.4;Background;1.7;765;-1;-1
1149;Background;1.6;766;-1;-1
1150.8;Background;1.8;767;-1;253
1150.8;Stimulus;5.1;253;767;-1
1152.8;Background;2;768;-1;-1
1154.7;Background;1.9;769;-1;254
1154.7;Stimulus;3.9;254;769;-1
1156.1;Background;1.4;770;-1;-1
1157.7;Background;1.6;771;-1;-1
1158.9;Background;1.2;772;-1;255
1158.9;Stimulus;4.2;255;772;86
1158.9;Probe;17.1;86;255;-1
1160.1;Background;1.2;773;-1;-1
1161.5;Background;1.4;774;-1;-1
1163;Background;1.5;775;-1;-1
1164;Background;1;776;-1;256
1164;Stimulus;5.1;256;776;-1
1165;Background;1;777;-1;-1
1166.5;Background;1.5;778;-1;-1
1168.5;Background;2;779;-1;-1
1169.7;Background;1.2;780;-1;257
1169.7;Stimulus;5.7;257;780;-1
1171.4;Background;1.7;781;-1;-1
1173.2;Background;1.8;782;-1;-1
1174.2;Background;1;783;-1;258
1174.2;Stimulus;4.5;258;783;87
1174.2;Probe;15.3;87;258;7
1174.2;Level;176.4;7;87;-1
1176.2;Background;2;784;-1;-1
1177.8;Background;1.6;785;-1;259
1177.8;Stimulus;3.6;259;785;-1
1179.2;Background;1.4;786;-1;-1
1180.3;Background;1.1;787;-1;-1
1182.2;Background;1.9;788;-1;-1
1183.2;Background;1;789;-1;260
1183.2;Stimulus;5.4;260;789;-1
1185.1;Background;1.9;790;-1;-1
1187.1;Background;2;791;-1;261
1187.1;Stimulus;3.9;261;791;-1
1188.9;Background;1.8;792;-1;-1
1190.3;Background;1.4;793;-1;-1
1191.6;Background;1.3;794;-1;262
1191.6;Stimulus;4.5;262;794;88
1191.6;Probe;17.4;88;262;-1
1192.7;Background;1.1;795;-1;-1
1194.4;Background;1.7;796;-1;-1
1195.7;Background;1.3;797;-1;-1
1196.7;Background;1;798;-1;263
1196.7;Stimulus;5.1;263;798;-1
1198.6;Background;1.9;799;-1;-1
1200.3;Background;1.7;800;-1;264
1200.3;Stimulus;3.6;264;800;-1
1202.2;Background;1.9;801;-1;-1
1203.2;Background;1;802;-1;-1
1205.1;Background;1.9;803;-1;265
1205.1;Stimulus;4.8;265;803;89
1205.1;Probe;13.5;89;265;-1
1207;Background;1.9;804;-1;-1
1208.1;Background;1.1;805;-1;-1
1209.9;Background;1.8;806;-1;266
1209.9;Stimulus;4.8;266;806;-1
1211.9;Background;2;807;-1;-1
1213.2;Background;1.3;808;-1;267
1213.2;Stimulus;3.3;267;808;-1
1215.2;Background;2;809;-1;-1
1216.2;Background;1;810;-1;-1
1217.7;Background;1.5;811;-1;-1
1219.2;Background;1.5;812;-1;268
1219.2;Stimulus;6;268;812;-1
1221;Background;1.8;813;-1;-1
1222.2;Background;1.2;814;-1;269
1222.2;Stimulus;3;269;814;90
1222.2;Probe;17.1;90;269;-1
1224.1;Background;1.9;815;-1;-1
1225.2;Background;1.1;816;-1;270
1225.2;Stimulus;3;270;816;-1
1226.7;Background;1.5;817;-1;-1
1228.3;Background;1.6;818;-1;-1
1229.6;Background;1.3;819;-1;-1
1230.6;Background;1;820;-1;271
1230.6;Stimulus;5.4;271;820;-1
1232.1;Background;1.5;821;-1;-1
1233.7;Background;1.6;822;-1;-1
1234.8;Background;1.1;823;-1;272
1234.8;Stimulus;4.2;272;823;91
1234.8;Probe;12.6;91;272;-1
1236.5;Background;1.7;824;-1;-1
1238.1;Background;1.6;825;-1;-1
1239.9;Background;1.8;826;-1;273
1239.9;Stimulus;5.1;273;826;-1
1241.6;Background;1.7;827;-1;-1
1242.7;Background;1.1;828;-1;-1
1244.5;Background;1.8;829;-1;-1
1245.6;Background;1.1;830;-1;274
1245.6;Stimulus;5.7;274;830;92
1245.6;Probe;10.8;92;274;-1
1247.1;Background;1.5;831;-1;-1
1248.4;Background;1.3;832;-1;-1
1250.1;Background;1.7;833;-1;-1
1251.3;Background;1.2;834;-1;275
1251.3;Stimulus;5.7;275;834;-1
1252.7;Background;1.4;835;-1;-1
1254;Background;1.3;836;-1;-1
1255.6;Background;1.6;837;-1;-1
1256.7;Background;1.1;838;-1;276
1256.7;Stimulus;5.4;276;838;-1
1258.5;Background;1.8;839;-1;-1
1260;Background;1.5;840;-1;277
1260;Stimulus;3.3;277;840;93
1260;Probe;14.4;93;277;-1
1261.8;Background;1.8;841;-1;-1
1263.5;Background;1.7;842;-1;278
1263.5;Stimulus;3.5;278;842;-1
1264.9;Background;1.4;843;-1;-1
1266.4;Background;1.5;844;-1;-1
1267.7;Background;1.3;845;-1;279
1267.7;Stimulus;4.2;279;845;-1
1269.7;Background;2;846;-1;-1
1270.9;Background;1.2;847;-1;-1
1272.5;Background;1.6;848;-1;280
1272.5;Stimulus;4.8;280;848;-1
1274.5;Background;2;849;-1;-1
1276.1;Background;1.6;850;-1;281
1276.1;Stimulus;3.6;281;850;94
1276.1;Probe;16.1;94;281;-1
1277.3;Background;1.2;851;-1;-1
1279.1;Background;1.8;852;-1;-1
1281;Background;1.9;853;-1;-1
1282.1;Background;1.1;854;-1;282
1282.1;Stimulus;6;282;854;-1
1284.1;Background;2;855;-1;-1
1285.1;Background;1;856;-1;283
1285.1;Stimulus;3;283;856;95
1285.1;Probe;9;95;283;-1
1286.5;Background;1.4;857;-1;-1
1288.1;Background;1.6;858;-1;-1
1289.4;Background;1.3;859;-1;-1
1291.1;Background;1.7;860;-1;284
1291.1;Stimulus;6;284;860;-1
1292.9;Background;1.8;861;-1;-1
1294.1;Background;1.2;862;-1;285
1294.1;Stimulus;3;285;862;-1
1295.8;Background;1.7;863;-1;-1
1297.4;Background;1.6;864;-1;286
1297.4;Stimulus;3.3;286;864;-1
1298.7;Background;1.3;865;-1;-1
1300.1;Background;1.4;866;-1;-1
1301.3;Background;1.2;867;-1;287
1301.3;Stimulus;3.9;287;867;96
1301.3;Probe;16.2;96;287;-1
1302.7;Background;1.4;868;-1;-1
1304.3;Background;1.6;869;-1;-1
1305.5;Background;1.2;870;-1;288
1305.5;Stimulus;4.2;288;870;-1
1307.4;Background;1.9;871;-1;-1
1308.5;Background;1.1;872;-1;289
1308.5;Stimulus;3;289;872;-1
1310.5;Background;2;873;-1;-1
1311.5;Background;1;874;-1;290
1311.5;Stimulus;3;290;874;-1
1312.7;Background;1.2;875;-1;-1
1314.1;Background;1.4;876;-1;-1
1315.6;Background;1.5;877;-1;-1
1316.6;Background;1;878;-1;291
1316.6;Stimulus;5.1;291;878;97
1316.6;Probe;15.3;97;291;-1
1318.1;Background;1.5;879;-1;-1
1319.7;Background;1.6;880;-1;-1
1320.8;Background;1.1;881;-1;292
1320.8;Stimulus;4.2;292;881;-1
1322.7;Background;1.9;882;-1;-1
1323.7;Background;1;883;-1;-1
1325.6;Background;1.9;884;-1;293
1325.6;Stimulus;4.8;293;884;-1
1327.6;Background;2;885;-1;-1
1328.8;Background;1.2;886;-1;-1
1330.2;Background;1.4;887;-1;294
1330.2;Stimulus;4.6;294;887;-1
1331.9;Background;1.7;888;-1;-1
1333.7;Background;1.8;889;-1;-1
1334.7;Background;1;890;-1;295
1334.7;Stimulus;4.5;295;890;98
1334.7;Probe;18.1;98;295;-1
1336.1;Background;1.4;891;-1;-1
1337.6;Background;1.5;892;-1;-1
1338.9;Background;1.3;893;-1;296
1338.9;Stimulus;4.2;296;893;-1
1340.8;Background;1.9;894;-1;-1
1342.5;Background;1.7;895;-1;297
1342.5;Stimulus;3.6;297;895;-1
1344.5;Background;2;896;-1;-1
1346.4;Background;1.9;897;-1;298
1346.4;Stimulus;3.9;298;897;99
1346.4;Probe;11.7;99;298;8
1346.4;Level;172.2;8;99;-1
