timestamp, eventType, delayFromPrevious, id, triggeredByEventID, triggersEventID
1.8;Background;1.8;0;-1;-1
3.4;Background;1.6;1;-1;-1
4.6;Background;1.2;2;-1;-1
6;Background;1.4;3;-1;-1
7;Background;1;4;-1;0
7;Stimulus;7;0;4;-1
9;Background;2;5;-1;-1
11;Background;2;6;-1;1
11;Stimulus;4;1;6;0
11;Probe;11;0;1;-1
12.9;Background;1.9;7;-1;-1
13.9;Background;1;8;-1;-1
15.3;Background;1.4;9;-1;-1
17.1;Background;1.8;10;-1;2
17.1;Stimulus;6.1;2;10;-1
18.8;Background;1.7;11;-1;-1
19.8;Background;1;12;-1;-1
20.9;Background;1.1;13;-1;-1
22;Background;1.1;14;-1;3
22;Stimulus;4.9;3;14;1
22;Probe;11;1;3;-1
24;Background;2;15;-1;-1
25.5;Background;1.5;16;-1;-1
26.7;Background;1.2;17;-1;-1
27.7;Background;1;18;-1;-1
28.7;Background;1;19;-1;4
28.7;Stimulus;6.7;4;19;-1
30.5;Background;1.8;20;-1;-1
31.5;Background;1;21;-1;-1
32.7;Background;1.2;22;-1;5
32.7;Stimulus;4;5;22;2
32.7;Probe;10.7;2;5;-1
34.7;Background;2;23;-1;-1
36.3;Background;1.6;24;-1;-1
38.1;Background;1.8;25;-1;-1
39.1;Background;1;26;-1;6
39.1;Stimulus;6.4;6;26;-1
40.8;Background;1.7;27;-1;-1
42;Background;1.2;28;-1;-1
43.4;Background;1.4;29;-1;7
43.4;Stimulus;4.3;7;29;3
43.4;Probe;10.7;3;7;-1
45;Background;1.6;30;-1;-1
46.7;Background;1.7;31;-1;-1
47.8;Background;1.1;32;-1;-1
48.9;Background;1.1;33;-1;8
48.9;Stimulus;5.5;8;33;-1
50.9;Background;2;34;-1;-1
52.2;Background;1.3;35;-1;-1
53.2;Background;1;36;-1;9
53.2;Stimulus;4.3;9;36;-1
54.2;Background;1;37;-1;-1
55.2;Background;1;38;-1;-1
57.1;Background;1.9;39;-1;-1
58.1;Background;1;40;-1;10
58.1;Stimulus;4.9;10;40;4
58.1;Probe;14.7;4;10;-1
60;Background;1.9;41;-1;-1
61.1;Background;1.1;42;-1;-1
62.4;Background;1.3;43;-1;11
62.4;Stimulus;4.3;11;43;-1
63.8;Background;1.4;44;-1;-1
65.4;Background;1.6;45;-1;-1
66.4;Background;1;46;-1;12
66.4;Stimulus;4;12;46;-1
68.1;Background;1.7;47;-1;-1
69.3;Background;1.2;48;-1;-1
70.4;Background;1.1;49;-1;13
70.4;Stimulus;4;13;49;5
70.4;Probe;12.3;5;13;-1
72.1;Background;1.7;50;-1;-1
73.3;Background;1.2;51;-1;-1
74.8;Background;1.5;52;-1;-1
75.9;Background;1.1;53;-1;14
75.9;Stimulus;5.5;14;53;-1
77;Background;1.1;54;-1;-1
78.1;Background;1.1;55;-1;-1
79.6;Background;1.5;56;-1;-1
81.1;Background;1.5;57;-1;15
81.1;Stimulus;5.2;15;57;6
81.1;Probe;10.7;6;15;-1
83.1;Background;2;58;-1;-1
84.2;Background;1.1;59;-1;-1
85.4;Background;1.2;60;-1;16
85.4;Stimulus;4.3;16;60;-1
87.2;Background;1.8;61;-1;-1
88.7;Background;1.5;62;-1;-1
89.7;Background;1;63;-1;17
89.7;Stimulus;4.3;17;63;-1
91.5;Background;1.8;64;-1;-1
92.5;Background;1;65;-1;-1
93.7;Background;1.2;66;-1;18
93.7;Stimulus;4;18;66;7
93.7;Probe;12.6;7;18;-1
95.6;Background;1.9;67;-1;-1
97.4;Background;1.8;68;-1;-1
98.6;Background;1.2;69;-1;-1
99.8;Background;1.2;70;-1;19
99.8;Stimulus;6.1;19;70;-1
101.2;Background;1.4;71;-1;-1
102.3;Background;1.1;72;-1;-1
103.3;Background;1;73;-1;-1
104.4;Background;1.1;74;-1;20
104.4;Stimulus;4.6;20;74;8
104.4;Probe;10.7;8;20;-1
106;Background;1.6;75;-1;-1
107;Background;1;76;-1;-1
108.4;Background;1.4;77;-1;21
108.4;Stimulus;4;21;77;-1
109.7;Background;1.3;78;-1;-1
110.8;Background;1.1;79;-1;-1
112.4;Background;1.6;80;-1;22
112.4;Stimulus;4;22;80;-1
114.1;Background;1.7;81;-1;-1
115.7;Background;1.6;82;-1;-1
116.7;Background;1;83;-1;23
116.7;Stimulus;4.3;23;83;9
116.7;Probe;12.3;9;23;-1
117.7;Background;1;84;-1;-1
118.8;Background;1.1;85;-1;-1
120;Background;1.2;86;-1;-1
121;Background;1;87;-1;24
121;Stimulus;4.3;24;87;-1
122.4;Background;1.4;88;-1;-1
123.8;Background;1.4;89;-1;-1
125;Background;1.2;90;-1;25
125;Stimulus;4;25;90;-1
126.5;Background;1.5;91;-1;-1
128;Background;1.5;92;-1;-1
129;Background;1;93;-1;26
129;Stimulus;4;26;93;-1
130.9;Background;1.9;94;-1;-1
132.9;Background;2;95;-1;27
132.9;Stimulus;3.9;27;95;10
132.9;Probe;16.2;10;27;-1
134.6;Background;1.7;96;-1;-1
136.2;Background;1.6;97;-1;-1
137.4;Background;1.2;98;-1;-1
138.5;Background;1.1;99;-1;-1
139.6;Background;1.1;100;-1;28
139.6;Stimulus;6.7;28;100;-1
140.6;Background;1;101;-1;-1
141.7;Background;1.1;102;-1;-1
143.5;Background;1.8;103;-1;-1
144.5;Background;1;104;-1;29
144.5;Stimulus;4.9;29;104;11
144.5;Probe;11.6;11;29;-1
146.4;Background;1.9;105;-1;-1
148.1;Background;1.7;106;-1;-1
149.4;Background;1.3;107;-1;-1
150.7;Background;1.3;108;-1;-1
152.1;Background;1.4;109;-1;30
152.1;Stimulus;7.6;30;109;-1
153.4;Background;1.3;110;-1;-1
154.7;Background;1.3;111;-1;-1
156.1;Background;1.4;112;-1;31
156.1;Stimulus;4;31;112;12
156.1;Probe;11.6;12;31;1
156.1;Level;156.1;1;12;-1
157.8;Background;1.7;113;-1;-1
159.1;Background;1.3;114;-1;-1
160.1;Background;1;115;-1;32
160.1;Stimulus;4;32;115;-1
162;Background;1.9;116;-1;-1
163.4;Background;1.4;117;-1;-1
164.4;Background;1;118;-1;33
164.4;Stimulus;4.3;33;118;-1
165.9;Background;1.5;119;-1;-1
167;Background;1.1;120;-1;-1
168.2;Background;1.2;121;-1;-1
169.3;Background;1.1;122;-1;34
169.3;Stimulus;4.9;34;122;13
169.3;Probe;13.2;13;34;-1
171;Background;1.7;123;-1;-1
172;Background;1;124;-1;-1
173.1;Background;1.1;125;-1;-1
174.2;Background;1.1;126;-1;35
174.2;Stimulus;4.9;35;126;-1
175.2;Background;1;127;-1;-1
176.3;Background;1.1;128;-1;-1
177.5;Background;1.2;129;-1;-1
178.8;Background;1.3;130;-1;36
178.8;Stimulus;4.6;36;130;-1
180.5;Background;1.7;131;-1;-1
181.7;Background;1.2;132;-1;-1
183.1;Background;1.4;133;-1;37
183.1;Stimulus;4.3;37;133;-1
185.1;Background;2;134;-1;-1
187.1;Background;2;135;-1;38
187.1;Stimulus;4;38;135;14
187.1;Probe;17.8;14;38;-1
189;Background;1.9;136;-1;-1
190.5;Background;1.5;137;-1;-1
191.9;Background;1.4;138;-1;-1
192.9;Background;1;139;-1;39
192.9;Stimulus;5.8;39;139;-1
194.3;Background;1.4;140;-1;-1
195.6;Background;1.3;141;-1;-1
196.8;Background;1.2;142;-1;-1
198.1;Background;1.3;143;-1;40
198.1;Stimulus;5.2;40;143;15
198.1;Probe;11;15;40;-1
199.7;Background;1.6;144;-1;-1
201.4;Background;1.7;145;-1;-1
202.5;Background;1.1;146;-1;-1
203.6;Background;1.1;147;-1;41
203.6;Stimulus;5.5;41;147;-1
205.3;Background;1.7;148;-1;-1
206.5;Background;1.2;149;-1;-1
208;Background;1.5;150;-1;-1
209.1;Background;1.1;151;-1;42
209.1;Stimulus;5.5;42;151;16
209.1;Probe;11;16;42;-1
211;Background;1.9;152;-1;-1
212.7;Background;1.7;153;-1;-1
214;Background;1.3;154;-1;-1
215.5;Background;1.5;155;-1;43
215.5;Stimulus;6.4;43;155;-1
216.5;Background;1;156;-1;-1
217.6;Background;1.1;157;-1;-1
218.8;Background;1.2;158;-1;-1
220.1;Background;1.3;159;-1;44
220.1;Stimulus;4.6;44;159;17
220.1;Probe;11;17;44;-1
221.9;Background;1.8;160;-1;-1
223.5;Background;1.6;161;-1;-1
224.6;Background;1.1;162;-1;-1
225.9;Background;1.3;163;-1;45
225.9;Stimulus;5.8;45;163;-1
226.9;Background;1;164;-1;-1
227.9;Background;1;165;-1;-1
229.8;Background;1.9;166;-1;-1
230.8;Background;1;167;-1;46
230.8;Stimulus;4.9;46;167;18
230.8;Probe;10.7;18;46;-1
232.7;Background;1.9;168;-1;-1
233.7;Background;1;169;-1;-1
235.1;Background;1.4;170;-1;-1
236.9;Background;1.8;171;-1;47
236.9;Stimulus;6.1;47;171;-1
238.2;Background;1.3;172;-1;-1
239.2;Background;1;173;-1;-1
240.4;Background;1.2;174;-1;-1
241.5;Background;1.1;175;-1;48
241.5;Stimulus;4.6;48;175;19
241.5;Probe;10.7;19;48;-1
243.5;Background;2;176;-1;-1
244.8;Background;1.3;177;-1;-1
245.8;Background;1;178;-1;49
245.8;Stimulus;4.3;49;178;-1
247.6;Background;1.8;179;-1;-1
248.6;Background;1;180;-1;-1
249.8;Background;1.2;181;-1;50
249.8;Stimulus;4;50;181;-1
251.2;Background;1.4;182;-1;-1
252.8;Background;1.6;183;-1;-1
253.8;Background;1;184;-1;51
253.8;Stimulus;4;51;184;20
253.8;Probe;12.3;20;51;-1
255.7;Background;1.9;185;-1;-1
257.3;Background;1.6;186;-1;-1
258.8;Background;1.5;187;-1;-1
259.8;Background;1;188;-1;-1
260.8;Background;1;189;-1;52
260.8;Stimulus;7;52;189;-1
262.5;Background;1.7;190;-1;-1
263.7;Background;1.2;191;-1;-1
264.8;Background;1.1;192;-1;53
264.8;Stimulus;4;53;192;21
264.8;Probe;11;21;53;-1
266.4;Background;1.6;193;-1;-1
267.6;Background;1.2;194;-1;-1
268.8;Background;1.2;195;-1;-1
270;Background;1.2;196;-1;54
270;Stimulus;5.2;54;196;-1
271.9;Background;1.9;197;-1;-1
273;Background;1.1;198;-1;-1
274.3;Background;1.3;199;-1;55
274.3;Stimulus;4.3;55;199;-1
275.3;Background;1;200;-1;-1
276.4;Background;1.1;201;-1;-1
278.2;Background;1.8;202;-1;-1
279.5;Background;1.3;203;-1;56
279.5;Stimulus;5.2;56;203;22
279.5;Probe;14.7;22;56;-1
281.5;Background;2;204;-1;-1
282.6;Background;1.1;205;-1;-1
283.8;Background;1.2;206;-1;57
283.8;Stimulus;4.3;57;206;-1
285.6;Background;1.8;207;-1;-1
287.1;Background;1.5;208;-1;-1
288.1;Background;1;209;-1;58
288.1;Stimulus;4.3;58;209;-1
289.9;Background;1.8;210;-1;-1
290.9;Background;1;211;-1;-1
292.1;Background;1.2;212;-1;59
292.1;Stimulus;4;59;212;23
292.1;Probe;12.6;23;59;-1
293.7;Background;1.6;213;-1;-1
294.7;Background;1;214;-1;-1
295.7;Background;1;215;-1;-1
296.7;Background;1;216;-1;60
296.7;Stimulus;4.6;60;216;-1
298.2;Background;1.5;217;-1;-1
299.3;Background;1.1;218;-1;-1
300.3;Background;1;219;-1;-1
301.3;Background;1;220;-1;61
301.3;Stimulus;4.6;61;220;-1
302.7;Background;1.4;221;-1;-1
303.8;Background;1.1;222;-1;-1
304.8;Background;1;223;-1;-1
305.9;Background;1.1;224;-1;62
305.9;Stimulus;4.6;62;224;24
305.9;Probe;13.8;24;62;2
305.9;Level;149.8;2;24;-1
307.5;Background;1.6;225;-1;-1
309.2;Background;1.7;226;-1;-1
310.3;Background;1.1;227;-1;-1
311.4;Background;1.1;228;-1;63
311.4;Stimulus;5.5;63;228;-1
313.1;Background;1.7;229;-1;-1
314.7;Background;1.6;230;-1;-1
315.7;Background;1;231;-1;64
315.7;Stimulus;4.3;64;231;-1
316.7;Background;1;232;-1;-1
317.8;Background;1.1;233;-1;-1
319.6;Background;1.8;234;-1;-1
320.6;Background;1;235;-1;65
320.6;Stimulus;4.9;65;235;25
320.6;Probe;14.7;25;65;-1
322.5;Background;1.9;236;-1;-1
324.3;Background;1.8;237;-1;-1
325.5;Background;1.2;238;-1;-1
326.7;Background;1.2;239;-1;66
326.7;Stimulus;6.1;66;239;-1
328.2;Background;1.5;240;-1;-1
329.3;Background;1.1;241;-1;-1
330.5;Background;1.2;242;-1;-1
331.6;Background;1.1;243;-1;67
331.6;Stimulus;4.9;67;243;26
331.6;Probe;11;26;67;-1
333.6;Background;2;244;-1;-1
335.2;Background;1.6;245;-1;-1
337;Background;1.8;246;-1;-1
338;Background;1;247;-1;68
338;Stimulus;6.4;68;247;-1
339.1;Background;1.1;248;-1;-1
340.2;Background;1.1;249;-1;-1
341.7;Background;1.5;250;-1;-1
343.2;Background;1.5;251;-1;69
343.2;Stimulus;5.2;69;251;27
343.2;Probe;11.6;27;69;-1
344.8;Background;1.6;252;-1;-1
345.8;Background;1;253;-1;-1
347.2;Background;1.4;254;-1;70
347.2;Stimulus;4;70;254;-1
348.9;Background;1.7;255;-1;-1
349.9;Background;1;256;-1;-1
351;Background;1.1;257;-1;-1
352.1;Background;1.1;258;-1;71
352.1;Stimulus;4.9;71;258;-1
353.1;Background;1;259;-1;-1
354.1;Background;1;260;-1;-1
356;Background;1.9;261;-1;-1
357;Background;1;262;-1;72
357;Stimulus;4.9;72;262;28
357;Probe;13.8;28;72;-1
359;Background;2;263;-1;-1
360.5;Background;1.5;264;-1;-1
361.7;Background;1.2;265;-1;-1
362.7;Background;1;266;-1;-1
363.7;Background;1;267;-1;73
363.7;Stimulus;6.7;73;267;-1
365;Background;1.3;268;-1;-1
366.1;Background;1.1;269;-1;-1
367.7;Background;1.6;270;-1;74
367.7;Stimulus;4;74;270;29
367.7;Probe;10.7;29;74;-1
368.7;Background;1;271;-1;-1
369.8;Background;1.1;272;-1;-1
371.6;Background;1.8;273;-1;-1
372.6;Background;1;274;-1;75
372.6;Stimulus;4.9;75;274;-1
373.6;Background;1;275;-1;-1
374.7;Background;1.1;276;-1;-1
375.9;Background;1.2;277;-1;-1
376.9;Background;1;278;-1;76
376.9;Stimulus;4.3;76;278;-1
377.9;Background;1;279;-1;-1
379;Background;1.1;280;-1;-1
380.2;Background;1.2;281;-1;-1
381.5;Background;1.3;282;-1;77
381.5;Stimulus;4.6;77;282;30
381.5;Probe;13.8;30;77;-1
383.4;Background;1.9;283;-1;-1
385.1;Background;1.7;284;-1;-1
386.4;Background;1.3;285;-1;-1
387.9;Background;1.5;286;-1;78
387.9;Stimulus;6.4;78;286;-1
389.8;Background;1.9;287;-1;-1
391.2;Background;1.4;288;-1;-1
392.2;Background;1;289;-1;79
392.2;Stimulus;4.3;79;289;31
392.2;Probe;10.7;31;79;-1
393.6;Background;1.4;290;-1;-1
395;Background;1.4;291;-1;-1
396.2;Background;1.2;292;-1;80
396.2;Stimulus;4;80;292;-1
397.7;Background;1.5;293;-1;-1
399.2;Background;1.5;294;-1;-1
400.2;Background;1;295;-1;81
400.2;Stimulus;4;81;295;-1
402.1;Background;1.9;296;-1;-1
404.1;Background;2;297;-1;82
404.1;Stimulus;3.9;82;297;32
404.1;Probe;11.9;32;82;-1
405.8;Background;1.7;298;-1;-1
407;Background;1.2;299;-1;-1
408.5;Background;1.5;300;-1;-1
409.6;Background;1.1;301;-1;83
409.6;Stimulus;5.5;83;301;-1
411;Background;1.4;302;-1;-1
412.3;Background;1.3;303;-1;-1
413.5;Background;1.2;304;-1;-1
414.8;Background;1.3;305;-1;84
414.8;Stimulus;5.2;84;305;33
414.8;Probe;10.7;33;84;-1
415.8;Background;1;306;-1;-1
416.9;Background;1.1;307;-1;-1
418.1;Background;1.2;308;-1;-1
419.4;Background;1.3;309;-1;85
419.4;Stimulus;4.6;85;309;-1
420.7;Background;1.3;310;-1;-1
421.7;Background;1;311;-1;-1
422.9;Background;1.2;312;-1;-1
424;Background;1.1;313;-1;86
424;Stimulus;4.6;86;313;-1
425.6;Background;1.6;314;-1;-1
426.6;Background;1;315;-1;-1
427.6;Background;1;316;-1;-1
428.6;Background;1;317;-1;87
428.6;Stimulus;4.6;87;317;34
428.6;Probe;13.8;34;87;-1
430.5;Background;1.9;318;-1;-1
431.5;Background;1;319;-1;-1
432.9;Background;1.4;320;-1;-1
434.7;Background;1.8;321;-1;88
434.7;Stimulus;6.1;88;321;-1
436.2;Background;1.5;322;-1;-1
437.3;Background;1.1;323;-1;-1
438.3;Background;1;324;-1;-1
439.3;Background;1;325;-1;89
439.3;Stimulus;4.6;89;325;35
439.3;Probe;10.7;35;89;-1
440.6;Background;1.3;326;-1;-1
441.9;Background;1.3;327;-1;-1
443.3;Background;1.4;328;-1;90
443.3;Stimulus;4;90;328;-1
444.7;Background;1.4;329;-1;-1
445.8;Background;1.1;330;-1;-1
446.8;Background;1;331;-1;-1
447.9;Background;1.1;332;-1;91
447.9;Stimulus;4.6;91;332;-1
448.9;Background;1;333;-1;-1
450;Background;1.1;334;-1;-1
451.2;Background;1.2;335;-1;-1
452.5;Background;1.3;336;-1;92
452.5;Stimulus;4.6;92;336;36
452.5;Probe;13.2;36;92;3
452.5;Level;146.6;3;36;-1
454.4;Background;1.9;337;-1;-1
456.2;Background;1.8;338;-1;-1
457.5;Background;1.3;339;-1;-1
458.7;Background;1.2;340;-1;-1
459.8;Background;1.1;341;-1;93
459.8;Stimulus;7.3;93;341;-1
461.5;Background;1.7;342;-1;-1
462.7;Background;1.2;343;-1;-1
464.1;Background;1.4;344;-1;94
464.1;Stimulus;4.3;94;344;37
464.1;Probe;11.6;37;94;-1
465.8;Background;1.7;345;-1;-1
467.1;Background;1.3;346;-1;-1
468.1;Background;1;347;-1;95
468.1;Stimulus;4;95;347;-1
470.1;Background;2;348;-1;-1
472.1;Background;2;349;-1;96
472.1;Stimulus;4;96;349;-1
474.1;Background;2;350;-1;-1
475.4;Background;1.3;351;-1;-1
476.4;Background;1;352;-1;97
476.4;Stimulus;4.3;97;352;38
476.4;Probe;12.3;38;97;-1
478.3;Background;1.9;353;-1;-1
479.8;Background;1.5;354;-1;-1
481.2;Background;1.4;355;-1;-1
482.2;Background;1;356;-1;98
482.2;Stimulus;5.8;98;356;-1
483.8;Background;1.6;357;-1;-1
485;Background;1.2;358;-1;-1
486.2;Background;1.2;359;-1;-1
487.4;Background;1.2;360;-1;99
487.4;Stimulus;5.2;99;360;39
487.4;Probe;11;39;99;-1
488.4;Background;1;361;-1;-1
489.5;Background;1.1;362;-1;-1
491.3;Background;1.8;363;-1;-1
492.6;Background;1.3;364;-1;100
492.6;Stimulus;5.2;100;364;-1
494.4;Background;1.8;365;-1;-1
496;Background;1.6;366;-1;-1
497.1;Background;1.1;367;-1;-1
498.4;Background;1.3;368;-1;101
498.4;Stimulus;5.8;101;368;-1
500.3;Background;1.9;369;-1;-1
501.4;Background;1.1;370;-1;-1
502.7;Background;1.3;371;-1;102
502.7;Stimulus;4.3;102;371;40
502.7;Probe;15.3;40;102;-1
504.7;Background;2;372;-1;-1
505.8;Background;1.1;373;-1;-1
507;Background;1.2;374;-1;103
507;Stimulus;4.3;103;374;-1
508.8;Background;1.8;375;-1;-1
509.8;Background;1;376;-1;-1
511;Background;1.2;377;-1;104
511;Stimulus;4;104;377;-1
512.4;Background;1.4;378;-1;-1
514;Background;1.6;379;-1;-1
515;Background;1;380;-1;105
515;Stimulus;4;105;380;-1
516.700000000001;Background;1.7;381;-1;-1
517.900000000001;Background;1.2;382;-1;-1
519.000000000001;Background;1.1;383;-1;106
519;Stimulus;4;106;383;41
519;Probe;16.3;41;106;-1
520.600000000001;Background;1.6;384;-1;-1
522.300000000001;Background;1.7;385;-1;-1
523.400000000001;Background;1.1;386;-1;-1
524.500000000001;Background;1.1;387;-1;107
524.5;Stimulus;5.5;107;387;-1
526.200000000001;Background;1.7;388;-1;-1
527.400000000001;Background;1.2;389;-1;-1
528.900000000001;Background;1.5;390;-1;-1
530.000000000001;Background;1.1;391;-1;108
530;Stimulus;5.5;108;391;42
530;Probe;11;42;108;-1
531.800000000001;Background;1.8;392;-1;-1
533.300000000001;Background;1.5;393;-1;-1
534.300000000001;Background;1;394;-1;109
534.3;Stimulus;4.3;109;394;-1
536.100000000001;Background;1.8;395;-1;-1
537.100000000001;Background;1;396;-1;-1
538.300000000001;Background;1.2;397;-1;110
538.3;Stimulus;4;110;397;-1
539.900000000001;Background;1.6;398;-1;-1
540.900000000001;Background;1;399;-1;-1
542.300000000001;Background;1.4;400;-1;111
542.3;Stimulus;4;111;400;-1
543.600000000001;Background;1.3;401;-1;-1
544.700000000001;Background;1.1;402;-1;-1
546.300000000001;Background;1.6;403;-1;112
546.3;Stimulus;4;112;403;43
546.3;Probe;16.3;43;112;-1
547.700000000001;Background;1.4;404;-1;-1
549.100000000001;Background;1.4;405;-1;-1
550.300000000001;Background;1.2;406;-1;113
550.3;Stimulus;4;113;406;-1
551.800000000001;Background;1.5;407;-1;-1
552.900000000001;Background;1.1;408;-1;-1
554.100000000001;Background;1.2;409;-1;-1
555.200000000001;Background;1.1;410;-1;114
555.2;Stimulus;4.9;114;410;-1
556.900000000001;Background;1.7;411;-1;-1
557.900000000001;Background;1;412;-1;-1
559.000000000001;Background;1.1;413;-1;-1
560.100000000001;Background;1.1;414;-1;115
560.1;Stimulus;4.9;115;414;44
560.1;Probe;13.8;44;115;-1
562.100000000001;Background;2;415;-1;-1
563.400000000001;Background;1.3;416;-1;-1
564.900000000001;Background;1.5;417;-1;-1
566.700000000001;Background;1.8;418;-1;-1
567.700000000001;Background;1;419;-1;116
567.7;Stimulus;7.6;116;419;-1
569.200000000001;Background;1.5;420;-1;-1
570.700000000001;Background;1.5;421;-1;-1
571.700000000001;Background;1;422;-1;117
571.7;Stimulus;4;117;422;45
571.7;Probe;11.6;45;117;-1
573.700000000001;Background;2;423;-1;-1
575.300000000001;Background;1.6;424;-1;-1
577.100000000001;Background;1.8;425;-1;-1
578.100000000001;Background;1;426;-1;118
578.1;Stimulus;6.4;118;426;-1
579.100000000001;Background;1;427;-1;-1
580.200000000001;Background;1.1;428;-1;-1
581.400000000001;Background;1.2;429;-1;-1
582.700000000001;Background;1.3;430;-1;119
582.7;Stimulus;4.6;119;430;46
582.7;Probe;11;46;119;-1
584.500000000001;Background;1.8;431;-1;-1
586.100000000001;Background;1.6;432;-1;-1
587.300000000001;Background;1.2;433;-1;-1
588.700000000001;Background;1.4;434;-1;-1
589.700000000001;Background;1;435;-1;120
589.7;Stimulus;7;120;435;-1
591.000000000001;Background;1.3;436;-1;-1
592.000000000001;Background;1;437;-1;-1
593.200000000001;Background;1.2;438;-1;-1
594.300000000001;Background;1.1;439;-1;121
594.3;Stimulus;4.6;121;439;47
594.3;Probe;11.6;47;121;-1
596.200000000001;Background;1.9;440;-1;-1
597.700000000001;Background;1.5;441;-1;-1
599.100000000001;Background;1.4;442;-1;-1
600.100000000001;Background;1;443;-1;122
600.1;Stimulus;5.8;122;443;-1
601.100000000001;Background;1;444;-1;-1
602.100000000001;Background;1;445;-1;-1
604.000000000001;Background;1.9;446;-1;-1
605.000000000001;Background;1;447;-1;123
605;Stimulus;4.9;123;447;48
605;Probe;10.7;48;123;-1
607.000000000001;Background;2;448;-1;-1
608.700000000001;Background;1.7;449;-1;-1
610.100000000001;Background;1.4;450;-1;-1
611.200000000001;Background;1.1;451;-1;-1
612.300000000001;Background;1.1;452;-1;124
612.3;Stimulus;7.3;124;452;-1
614.000000000001;Background;1.7;453;-1;-1
615.600000000001;Background;1.6;454;-1;-1
616.600000000001;Background;1;455;-1;125
616.6;Stimulus;4.3;125;455;49
616.6;Probe;11.6;49;125;4
616.6;Level;164.1;4;49;-1
618.300000000001;Background;1.7;456;-1;-1
619.900000000001;Background;1.6;457;-1;-1
621.100000000001;Background;1.2;458;-1;-1
622.200000000001;Background;1.1;459;-1;-1
623.300000000001;Background;1.1;460;-1;126
623.3;Stimulus;6.7;126;460;-1
624.300000000001;Background;1;461;-1;-1
625.400000000001;Background;1.1;462;-1;-1
627.200000000001;Background;1.8;463;-1;-1
628.200000000001;Background;1;464;-1;127
628.2;Stimulus;4.9;127;464;50
628.2;Probe;11.6;50;127;-1
630.100000000001;Background;1.9;465;-1;-1
632.100000000001;Background;2;466;-1;128
632.1;Stimulus;3.9;128;466;-1
633.100000000001;Background;1;467;-1;-1
634.200000000001;Background;1.1;468;-1;-1
635.400000000001;Background;1.2;469;-1;-1
636.400000000001;Background;1;470;-1;129
636.4;Stimulus;4.3;129;470;-1
637.900000000001;Background;1.5;471;-1;-1
639.000000000001;Background;1.1;472;-1;-1
640.200000000001;Background;1.2;473;-1;-1
641.300000000001;Background;1.1;474;-1;130
641.3;Stimulus;4.9;130;474;51
641.3;Probe;13.1;51;130;-1
643.200000000001;Background;1.9;475;-1;-1
645.000000000001;Background;1.8;476;-1;-1
646.200000000001;Background;1.2;477;-1;-1
647.400000000001;Background;1.2;478;-1;131
647.4;Stimulus;6.1;131;478;-1
649.000000000001;Background;1.6;479;-1;-1
650.000000000001;Background;1;480;-1;-1
651.000000000001;Background;1;481;-1;-1
652.000000000001;Background;1;482;-1;132
652;Stimulus;4.6;132;482;52
652;Probe;10.7;52;132;-1
653.900000000001;Background;1.9;483;-1;-1
655.600000000001;Background;1.7;484;-1;-1
656.900000000001;Background;1.3;485;-1;-1
658.200000000001;Background;1.3;486;-1;-1
659.600000000001;Background;1.4;487;-1;133
659.6;Stimulus;7.6;133;487;-1
660.900000000001;Background;1.3;488;-1;-1
662.200000000001;Background;1.3;489;-1;-1
663.600000000001;Background;1.4;490;-1;134
663.6;Stimulus;4;134;490;53
663.6;Probe;11.6;53;134;-1
665.500000000001;Background;1.9;491;-1;-1
667.100000000001;Background;1.6;492;-1;-1
668.600000000001;Background;1.5;493;-1;-1
669.600000000001;Background;1;494;-1;-1
670.600000000001;Background;1;495;-1;135
670.6;Stimulus;7;135;495;-1
672.300000000001;Background;1.7;496;-1;-1
673.600000000001;Background;1.3;497;-1;-1
674.600000000001;Background;1;498;-1;136
674.6;Stimulus;4;136;498;54
674.6;Probe;11;54;136;-1
676.500000000001;Background;1.9;499;-1;-1
678.200000000001;Background;1.7;500;-1;-1
679.500000000001;Background;1.3;501;-1;-1
681.000000000001;Background;1.5;502;-1;137
681;Stimulus;6.4;137;502;-1
682.100000000001;Background;1.1;503;-1;-1
683.200000000001;Background;1.1;504;-1;-1
684.700000000001;Background;1.5;505;-1;-1
686.200000000001;Background;1.5;506;-1;138
686.2;Stimulus;5.2;138;506;55
686.2;Probe;11.6;55;138;-1
688.200000000001;Background;2;507;-1;-1
690.200000000001;Background;2;508;-1;139
690.2;Stimulus;4;139;508;-1
691.700000000001;Background;1.5;509;-1;-1
692.800000000001;Background;1.1;510;-1;-1
693.800000000001;Background;1;511;-1;-1
694.800000000001;Background;1;512;-1;140
694.8;Stimulus;4.6;140;512;-1
696.200000000001;Background;1.4;513;-1;-1
697.300000000001;Background;1.1;514;-1;-1
698.300000000001;Background;1;515;-1;-1
699.400000000001;Background;1.1;516;-1;141
699.4;Stimulus;4.6;141;516;56
699.4;Probe;13.2;56;141;-1
700.800000000001;Background;1.4;517;-1;-1
702.100000000001;Background;1.3;518;-1;-1
703.300000000001;Background;1.2;519;-1;-1
704.600000000001;Background;1.3;520;-1;142
704.6;Stimulus;5.2;142;520;-1
706.500000000001;Background;1.9;521;-1;-1
707.900000000001;Background;1.4;522;-1;-1
708.900000000001;Background;1;523;-1;143
708.9;Stimulus;4.3;143;523;-1
710.500000000001;Background;1.6;524;-1;-1
711.700000000001;Background;1.2;525;-1;-1
712.900000000001;Background;1.2;526;-1;-1
714.100000000001;Background;1.2;527;-1;144
714.1;Stimulus;5.2;144;527;57
714.1;Probe;14.7;57;144;-1
715.100000000001;Background;1;528;-1;-1
716.200000000001;Background;1.1;529;-1;-1
718.000000000001;Background;1.8;530;-1;-1
719.300000000001;Background;1.3;531;-1;145
719.3;Stimulus;5.2;145;531;-1
721.100000000001;Background;1.8;532;-1;-1
722.700000000001;Background;1.6;533;-1;-1
723.800000000001;Background;1.1;534;-1;-1
725.100000000001;Background;1.3;535;-1;146
725.1;Stimulus;5.8;146;535;-1
726.800000000001;Background;1.7;536;-1;-1
728.000000000001;Background;1.2;537;-1;-1
729.400000000001;Background;1.4;538;-1;147
729.4;Stimulus;4.3;147;538;58
729.4;Probe;15.3;58;147;-1
731.400000000001;Background;2;539;-1;-1
732.700000000001;Background;1.3;540;-1;-1
733.700000000001;Background;1;541;-1;148
733.7;Stimulus;4.3;148;541;-1
735.500000000001;Background;1.8;542;-1;-1
736.500000000001;Background;1;543;-1;-1
737.700000000001;Background;1.2;544;-1;149
737.7;Stimulus;4;149;544;-1
739.100000000001;Background;1.4;545;-1;-1
740.700000000001;Background;1.6;546;-1;-1
741.700000000001;Background;1;547;-1;150
741.7;Stimulus;4;150;547;59
741.7;Probe;12.3;59;150;-1
743.400000000001;Background;1.7;548;-1;-1
744.400000000001;Background;1;549;-1;-1
745.500000000001;Background;1.1;550;-1;-1
746.600000000001;Background;1.1;551;-1;151
746.6;Stimulus;4.9;151;551;-1
748.500000000001;Background;1.9;552;-1;-1
749.600000000001;Background;1.1;553;-1;-1
750.900000000001;Background;1.3;554;-1;152
750.9;Stimulus;4.3;152;554;-1
751.900000000001;Background;1;555;-1;-1
753.000000000001;Background;1.1;556;-1;-1
754.200000000001;Background;1.2;557;-1;-1
755.500000000001;Background;1.3;558;-1;153
755.5;Stimulus;4.6;153;558;60
755.5;Probe;13.8;60;153;-1
757.200000000001;Background;1.7;559;-1;-1
758.400000000001;Background;1.2;560;-1;-1
759.500000000001;Background;1.1;561;-1;154
759.5;Stimulus;4;154;561;-1
761.300000000001;Background;1.8;562;-1;-1
762.300000000001;Background;1;563;-1;-1
763.500000000001;Background;1.2;564;-1;155
763.5;Stimulus;4;155;564;-1
765.100000000001;Background;1.6;565;-1;-1
766.100000000001;Background;1;566;-1;-1
767.500000000001;Background;1.4;567;-1;156
767.5;Stimulus;4;156;567;61
767.5;Probe;12;61;156;-1
768.800000000001;Background;1.3;568;-1;-1
769.900000000001;Background;1.1;569;-1;-1
771.500000000001;Background;1.6;570;-1;157
771.5;Stimulus;4;157;570;-1
773.500000000001;Background;2;571;-1;-1
774.600000000001;Background;1.1;572;-1;-1
775.800000000001;Background;1.2;573;-1;158
775.8;Stimulus;4.3;158;573;-1
776.800000000001;Background;1;574;-1;-1
777.800000000001;Background;1;575;-1;-1
779.700000000001;Background;1.9;576;-1;-1
780.700000000001;Background;1;577;-1;159
780.7;Stimulus;4.9;159;577;62
780.7;Probe;13.2;62;159;5
780.7;Level;164.1;5;62;-1
782.600000000001;Background;1.9;578;-1;-1
784.400000000001;Background;1.8;579;-1;-1
785.700000000001;Background;1.3;580;-1;-1
786.900000000001;Background;1.2;581;-1;-1
788.000000000001;Background;1.1;582;-1;160
788;Stimulus;7.3;160;582;-1
789.800000000001;Background;1.8;583;-1;-1
791.300000000001;Background;1.5;584;-1;-1
792.300000000001;Background;1;585;-1;161
792.3;Stimulus;4.3;161;585;63
792.3;Probe;11.6;63;161;-1
794.300000000001;Background;2;586;-1;-1
795.600000000001;Background;1.3;587;-1;-1
797.100000000001;Background;1.5;588;-1;-1
798.900000000001;Background;1.8;589;-1;-1
799.900000000001;Background;1;590;-1;162
799.9;Stimulus;7.6;162;590;-1
801.300000000001;Background;1.4;591;-1;-1
802.700000000001;Background;1.4;592;-1;-1
803.900000000001;Background;1.2;593;-1;163
803.9;Stimulus;4;163;593;64
803.9;Probe;11.6;64;163;-1
805.400000000001;Background;1.5;594;-1;-1
806.900000000001;Background;1.5;595;-1;-1
807.900000000001;Background;1;596;-1;164
807.9;Stimulus;4;164;596;-1
808.900000000001;Background;1;597;-1;-1
810.000000000001;Background;1.1;598;-1;-1
811.200000000001;Background;1.2;599;-1;-1
812.500000000001;Background;1.3;600;-1;165
812.5;Stimulus;4.6;165;600;-1
813.800000000001;Background;1.3;601;-1;-1
814.800000000001;Background;1;602;-1;-1
816.000000000001;Background;1.2;603;-1;-1
817.100000000001;Background;1.1;604;-1;166
817.1;Stimulus;4.6;166;604;65
817.1;Probe;13.2;65;166;-1
819.000000000001;Background;1.9;605;-1;-1
820.000000000001;Background;1;606;-1;-1
821.400000000001;Background;1.4;607;-1;-1
823.200000000001;Background;1.8;608;-1;167
823.2;Stimulus;6.1;167;608;-1
824.200000000001;Background;1;609;-1;-1
825.300000000001;Background;1.1;610;-1;-1
827.100000000001;Background;1.8;611;-1;-1
828.100000000001;Background;1;612;-1;168
828.1;Stimulus;4.9;168;612;66
828.1;Probe;11;66;168;-1
830.100000000001;Background;2;613;-1;-1
831.600000000001;Background;1.5;614;-1;-1
832.800000000001;Background;1.2;615;-1;-1
833.800000000001;Background;1;616;-1;-1
834.800000000001;Background;1;617;-1;169
834.8;Stimulus;6.7;169;617;-1
836.700000000001;Background;1.9;618;-1;-1
838.700000000001;Background;2;619;-1;170
838.7;Stimulus;3.9;170;619;67
838.7;Probe;10.6;67;170;-1
840.300000000001;Background;1.6;620;-1;-1
841.300000000001;Background;1;621;-1;-1
842.300000000001;Background;1;622;-1;-1
843.300000000001;Background;1;623;-1;171
843.3;Stimulus;4.6;171;623;-1
844.800000000001;Background;1.5;624;-1;-1
845.900000000001;Background;1.1;625;-1;-1
846.900000000001;Background;1;626;-1;-1
847.900000000001;Background;1;627;-1;172
847.9;Stimulus;4.6;172;627;-1
849.300000000001;Background;1.4;628;-1;-1
850.400000000001;Background;1.1;629;-1;-1
851.400000000001;Background;1;630;-1;-1
852.500000000001;Background;1.1;631;-1;173
852.5;Stimulus;4.6;173;631;68
852.5;Probe;13.8;68;173;-1
854.300000000001;Background;1.8;632;-1;-1
855.900000000001;Background;1.6;633;-1;-1
857.100000000001;Background;1.2;634;-1;-1
858.500000000001;Background;1.4;635;-1;-1
859.500000000001;Background;1;636;-1;174
859.5;Stimulus;7;174;636;-1
860.500000000001;Background;1;637;-1;-1
861.600000000001;Background;1.1;638;-1;-1
862.800000000001;Background;1.2;639;-1;-1
864.100000000001;Background;1.3;640;-1;175
864.1;Stimulus;4.6;175;640;69
864.1;Probe;11.6;69;175;-1
865.400000000001;Background;1.3;641;-1;-1
866.700000000001;Background;1.3;642;-1;-1
868.100000000001;Background;1.4;643;-1;176
868.1;Stimulus;4;176;643;-1
869.800000000001;Background;1.7;644;-1;-1
871.400000000001;Background;1.6;645;-1;-1
872.400000000001;Background;1;646;-1;177
872.4;Stimulus;4.3;177;646;-1
873.900000000001;Background;1.5;647;-1;-1
875.000000000001;Background;1.1;648;-1;-1
876.200000000001;Background;1.2;649;-1;-1
877.300000000001;Background;1.1;650;-1;178
877.3;Stimulus;4.9;178;650;70
877.3;Probe;13.2;70;178;-1
879.300000000001;Background;2;651;-1;-1
880.900000000001;Background;1.6;652;-1;-1
882.700000000001;Background;1.8;653;-1;-1
883.700000000001;Background;1;654;-1;179
883.7;Stimulus;6.4;179;654;-1
884.700000000001;Background;1;655;-1;-1
885.800000000001;Background;1.1;656;-1;-1
887.000000000001;Background;1.2;657;-1;-1
888.000000000001;Background;1;658;-1;180
888;Stimulus;4.3;180;658;71
888;Probe;10.7;71;180;-1
889.100000000001;Background;1.1;659;-1;-1
890.200000000001;Background;1.1;660;-1;-1
891.700000000001;Background;1.5;661;-1;-1
893.200000000001;Background;1.5;662;-1;181
893.2;Stimulus;5.2;181;662;-1
895.100000000001;Background;1.9;663;-1;-1
896.600000000001;Background;1.5;664;-1;-1
898.000000000001;Background;1.4;665;-1;-1
899.000000000001;Background;1;666;-1;182
899;Stimulus;5.8;182;666;-1
900.900000000001;Background;1.9;667;-1;-1
902.300000000001;Background;1.4;668;-1;-1
903.300000000001;Background;1;669;-1;183
903.3;Stimulus;4.3;183;669;72
903.3;Probe;15.3;72;183;-1
904.900000000001;Background;1.6;670;-1;-1
906.600000000001;Background;1.7;671;-1;-1
907.700000000001;Background;1.1;672;-1;-1
908.800000000001;Background;1.1;673;-1;184
908.8;Stimulus;5.5;184;673;-1
910.200000000001;Background;1.4;674;-1;-1
911.500000000001;Background;1.3;675;-1;-1
912.700000000001;Background;1.2;676;-1;-1
914.000000000001;Background;1.3;677;-1;185
914;Stimulus;5.2;185;677;73
914;Probe;10.7;73;185;-1
916.000000000001;Background;2;678;-1;-1
917.700000000001;Background;1.7;679;-1;-1
919.100000000001;Background;1.4;680;-1;-1
920.200000000001;Background;1.1;681;-1;-1
921.300000000001;Background;1.1;682;-1;186
921.3;Stimulus;7.3;186;682;-1
923.000000000001;Background;1.7;683;-1;-1
924.200000000001;Background;1.2;684;-1;-1
925.600000000001;Background;1.4;685;-1;187
925.6;Stimulus;4.3;187;685;74
925.6;Probe;11.6;74;187;6
925.6;Level;144.9;6;74;-1
927.600000000001;Background;2;686;-1;-1
928.900000000001;Background;1.3;687;-1;-1
929.900000000001;Background;1;688;-1;188
929.9;Stimulus;4.3;188;688;-1
931.600000000001;Background;1.7;689;-1;-1
932.900000000001;Background;1.3;690;-1;-1
933.900000000001;Background;1;691;-1;189
933.9;Stimulus;4;189;691;-1
935.900000000001;Background;2;692;-1;-1
937.900000000001;Background;2;693;-1;190
937.9;Stimulus;4;190;693;-1
939.700000000001;Background;1.8;694;-1;-1
940.700000000001;Background;1;695;-1;-1
941.900000000001;Background;1.2;696;-1;191
941.9;Stimulus;4;191;696;75
941.9;Probe;16.3;75;191;-1
943.800000000001;Background;1.9;697;-1;-1
945.600000000001;Background;1.8;698;-1;-1
946.800000000001;Background;1.2;699;-1;-1
948.000000000001;Background;1.2;700;-1;192
948;Stimulus;6.1;192;700;-1
949.000000000001;Background;1;701;-1;-1
950.100000000001;Background;1.1;702;-1;-1
951.300000000001;Background;1.2;703;-1;-1
952.600000000001;Background;1.3;704;-1;193
952.6;Stimulus;4.6;193;704;76
952.6;Probe;10.7;76;193;-1
954.000000000001;Background;1.4;705;-1;-1
955.600000000001;Background;1.6;706;-1;-1
956.600000000001;Background;1;707;-1;194
956.6;Stimulus;4;194;707;-1
957.900000000001;Background;1.3;708;-1;-1
958.900000000001;Background;1;709;-1;-1
960.100000000001;Background;1.2;710;-1;-1
961.200000000001;Background;1.1;711;-1;195
961.2;Stimulus;4.6;195;711;-1
962.800000000001;Background;1.6;712;-1;-1
963.800000000001;Background;1;713;-1;-1
964.800000000001;Background;1;714;-1;-1
965.800000000001;Background;1;715;-1;196
965.8;Stimulus;4.6;196;715;77
965.8;Probe;13.2;77;196;-1
967.700000000001;Background;1.9;716;-1;-1
968.800000000001;Background;1.1;717;-1;-1
970.100000000001;Background;1.3;718;-1;197
970.1;Stimulus;4.3;197;718;-1
972.100000000001;Background;2;719;-1;-1
973.200000000001;Background;1.1;720;-1;-1
974.400000000001;Background;1.2;721;-1;198
974.4;Stimulus;4.3;198;721;-1
976.100000000002;Background;1.7;722;-1;-1
977.300000000002;Background;1.2;723;-1;-1
978.400000000002;Background;1.1;724;-1;199
978.4;Stimulus;4;199;724;78
978.4;Probe;12.6;78;199;-1
980.200000000002;Background;1.8;725;-1;-1
981.800000000002;Background;1.6;726;-1;-1
982.900000000002;Background;1.1;727;-1;-1
984.200000000002;Background;1.3;728;-1;200
984.2;Stimulus;5.8;200;728;-1
985.800000000002;Background;1.6;729;-1;-1
987.000000000002;Background;1.2;730;-1;-1
988.200000000002;Background;1.2;731;-1;-1
989.400000000002;Background;1.2;732;-1;201
989.4;Stimulus;5.2;201;732;79
989.4;Probe;11;79;201;-1
991.100000000002;Background;1.7;733;-1;-1
992.300000000002;Background;1.2;734;-1;-1
993.800000000002;Background;1.5;735;-1;-1
994.900000000002;Background;1.1;736;-1;202
994.9;Stimulus;5.5;202;736;-1
996.500000000002;Background;1.6;737;-1;-1
998.200000000002;Background;1.7;738;-1;-1
999.300000000002;Background;1.1;739;-1;-1
1000.4;Background;1.1;740;-1;203
1000.4;Stimulus;5.5;203;740;80
1000.4;Probe;11;80;203;-1
1002.2;Background;1.8;741;-1;-1
1003.2;Background;1;742;-1;-1
1004.4;Background;1.2;743;-1;204
1004.4;Stimulus;4;204;743;-1
1006;Background;1.6;744;-1;-1
1007;Background;1;745;-1;-1
1008.4;Background;1.4;746;-1;205
1008.4;Stimulus;4;205;746;-1
1010.2;Background;1.8;747;-1;-1
1011.7;Background;1.5;748;-1;-1
1012.7;Background;1;749;-1;206
1012.7;Stimulus;4.3;206;749;81
1012.7;Probe;12.3;81;206;-1
1014.4;Background;1.7;750;-1;-1
1016;Background;1.6;751;-1;-1
1017;Background;1;752;-1;207
1017;Stimulus;4.3;207;752;-1
1018.3;Background;1.3;753;-1;-1
1019.4;Background;1.1;754;-1;-1
1021;Background;1.6;755;-1;208
1021;Stimulus;4;208;755;-1
1022.4;Background;1.4;756;-1;-1
1023.8;Background;1.4;757;-1;-1
1025;Background;1.2;758;-1;209
1025;Stimulus;4;209;758;82
1025;Probe;12.3;82;209;-1
1026;Background;1;759;-1;-1
1027.1;Background;1.1;760;-1;-1
1028.3;Background;1.2;761;-1;-1
1029.3;Background;1;762;-1;210
1029.3;Stimulus;4.3;210;762;-1
1031.2;Background;1.9;763;-1;-1
1032.6;Background;1.4;764;-1;-1
1033.6;Background;1;765;-1;211
1033.6;Stimulus;4.3;211;765;-1
1035.1;Background;1.5;766;-1;-1
1036.6;Background;1.5;767;-1;-1
1037.6;Background;1;768;-1;212
1037.6;Stimulus;4;212;768;83
1037.6;Probe;12.6;83;212;-1
1039.3;Background;1.7;769;-1;-1
1040.9;Background;1.6;770;-1;-1
1042.1;Background;1.2;771;-1;-1
1043.2;Background;1.1;772;-1;-1
1044.3;Background;1.1;773;-1;213
1044.3;Stimulus;6.7;213;773;-1
1046;Background;1.7;774;-1;-1
1047;Background;1;775;-1;-1
1048.1;Background;1.1;776;-1;-1
1049.2;Background;1.1;777;-1;214
1049.2;Stimulus;4.9;214;777;84
1049.2;Probe;11.6;84;214;-1
1050.7;Background;1.5;778;-1;-1
1051.8;Background;1.1;779;-1;-1
1052.8;Background;1;780;-1;-1
1053.8;Background;1;781;-1;215
1053.8;Stimulus;4.6;215;781;-1
1055.5;Background;1.7;782;-1;-1
1056.7;Background;1.2;783;-1;-1
1058.1;Background;1.4;784;-1;216
1058.1;Stimulus;4.3;216;784;-1
1060;Background;1.9;785;-1;-1
1062;Background;2;786;-1;217
1062;Stimulus;3.9;217;786;-1
1063.3;Background;1.3;787;-1;-1
1064.6;Background;1.3;788;-1;-1
1066;Background;1.4;789;-1;218
1066;Stimulus;4;218;789;85
1066;Probe;16.8;85;218;-1
1067.9;Background;1.9;790;-1;-1
1069.6;Background;1.7;791;-1;-1
1070.9;Background;1.3;792;-1;-1
1072.4;Background;1.5;793;-1;219
1072.4;Stimulus;6.4;219;793;-1
1073.8;Background;1.4;794;-1;-1
1074.9;Background;1.1;795;-1;-1
1075.9;Background;1;796;-1;-1
1077;Background;1.1;797;-1;220
1077;Stimulus;4.6;220;797;86
1077;Probe;11;86;220;-1
1078.9;Background;1.9;798;-1;-1
1080.6;Background;1.7;799;-1;-1
1081.9;Background;1.3;800;-1;-1
1083.2;Background;1.3;801;-1;-1
1084.6;Background;1.4;802;-1;221
1084.6;Stimulus;7.6;221;802;-1
1086.3;Background;1.7;803;-1;-1
1087.6;Background;1.3;804;-1;-1
1088.6;Background;1;805;-1;222
1088.6;Stimulus;4;222;805;87
1088.6;Probe;11.6;87;222;7
1088.6;Level;163;7;87;-1
1090.6;Background;2;806;-1;-1
1092.6;Background;2;807;-1;223
1092.6;Stimulus;4;223;807;-1
1094.6;Background;2;808;-1;-1
1095.9;Background;1.3;809;-1;-1
1096.9;Background;1;810;-1;224
1096.9;Stimulus;4.3;224;810;-1
1097.9;Background;1;811;-1;-1
1098.9;Background;1;812;-1;-1
1100.8;Background;1.9;813;-1;-1
1101.8;Background;1;814;-1;225
1101.8;Stimulus;4.9;225;814;88
1101.8;Probe;13.2;88;225;-1
1103.6;Background;1.8;815;-1;-1
1104.6;Background;1;816;-1;-1
1105.8;Background;1.2;817;-1;226
1105.8;Stimulus;4;226;817;-1
1107.2;Background;1.4;818;-1;-1
1108.8;Background;1.6;819;-1;-1
1109.8;Background;1;820;-1;227
1109.8;Stimulus;4;227;820;-1
1111.7;Background;1.9;821;-1;-1
1112.8;Background;1.1;822;-1;-1
1114.1;Background;1.3;823;-1;228
1114.1;Stimulus;4.3;228;823;89
1114.1;Probe;12.3;89;228;-1
1116.1;Background;2;824;-1;-1
1117.2;Background;1.1;825;-1;-1
1118.4;Background;1.2;826;-1;229
1118.4;Stimulus;4.3;229;826;-1
1120.1;Background;1.7;827;-1;-1
1121.3;Background;1.2;828;-1;-1
1122.4;Background;1.1;829;-1;230
1122.4;Stimulus;4;230;829;-1
1124.2;Background;1.8;830;-1;-1
1125.2;Background;1;831;-1;-1
1126.4;Background;1.2;832;-1;231
1126.4;Stimulus;4;231;832;90
1126.4;Probe;12.3;90;231;-1
1128.4;Background;2;833;-1;-1
1130;Background;1.6;834;-1;-1
1131.8;Background;1.8;835;-1;-1
1132.8;Background;1;836;-1;232
1132.8;Stimulus;6.4;232;836;-1
1133.8;Background;1;837;-1;-1
1134.9;Background;1.1;838;-1;-1
1136.7;Background;1.8;839;-1;-1
1138;Background;1.3;840;-1;233
1138;Stimulus;5.2;233;840;91
1138;Probe;11.6;91;233;-1
1139.1;Background;1.1;841;-1;-1
1140.2;Background;1.1;842;-1;-1
1141.7;Background;1.5;843;-1;-1
1143.2;Background;1.5;844;-1;234
1143.2;Stimulus;5.2;234;844;-1
1145.1;Background;1.9;845;-1;-1
1146.6;Background;1.5;846;-1;-1
1148;Background;1.4;847;-1;-1
1149;Background;1;848;-1;235
1149;Stimulus;5.8;235;848;-1
1150.8;Background;1.8;849;-1;-1
1152.3;Background;1.5;850;-1;-1
1153.3;Background;1;851;-1;236
1153.3;Stimulus;4.3;236;851;92
1153.3;Probe;15.3;92;236;-1
1155;Background;1.7;852;-1;-1
1156.6;Background;1.6;853;-1;-1
1157.6;Background;1;854;-1;237
1157.6;Stimulus;4.3;237;854;-1
1158.6;Background;1;855;-1;-1
1159.7;Background;1.1;856;-1;-1
1160.9;Background;1.2;857;-1;-1
1161.9;Background;1;858;-1;238
1161.9;Stimulus;4.3;238;858;-1
1163.5;Background;1.6;859;-1;-1
1164.5;Background;1;860;-1;-1
1165.9;Background;1.4;861;-1;239
1165.9;Stimulus;4;239;861;93
1165.9;Probe;12.6;93;239;-1
1167.2;Background;1.3;862;-1;-1
1168.3;Background;1.1;863;-1;-1
1169.9;Background;1.6;864;-1;240
1169.9;Stimulus;4;240;864;-1
1171.3;Background;1.4;865;-1;-1
1172.7;Background;1.4;866;-1;-1
1173.9;Background;1.2;867;-1;241
1173.9;Stimulus;4;241;867;-1
1175.8;Background;1.9;868;-1;-1
1177.2;Background;1.4;869;-1;-1
1178.2;Background;1;870;-1;242
1178.2;Stimulus;4.3;242;870;94
1178.2;Probe;12.3;94;242;-1
1180;Background;1.8;871;-1;-1
1181.6;Background;1.6;872;-1;-1
1182.7;Background;1.1;873;-1;-1
1184;Background;1.3;874;-1;243
1184;Stimulus;5.8;243;874;-1
1185;Background;1;875;-1;-1
1186.1;Background;1.1;876;-1;-1
1187.9;Background;1.8;877;-1;-1
1188.9;Background;1;878;-1;244
1188.9;Stimulus;4.9;244;878;95
1188.9;Probe;10.7;95;244;-1
1190.4;Background;1.5;879;-1;-1
1191.9;Background;1.5;880;-1;-1
1192.9;Background;1;881;-1;245
1192.9;Stimulus;4;245;881;-1
1193.9;Background;1;882;-1;-1
1195;Background;1.1;883;-1;-1
1196.2;Background;1.2;884;-1;-1
1197.5;Background;1.3;885;-1;246
1197.5;Stimulus;4.6;246;885;-1
1198.5;Background;1;886;-1;-1
1199.6;Background;1.1;887;-1;-1
1200.8;Background;1.2;888;-1;-1
1202.1;Background;1.3;889;-1;247
1202.1;Stimulus;4.6;247;889;96
1202.1;Probe;13.2;96;247;-1
1204;Background;1.9;890;-1;-1
1205;Background;1;891;-1;-1
1206.4;Background;1.4;892;-1;-1
1208.2;Background;1.8;893;-1;248
1208.2;Stimulus;6.1;248;893;-1
1209.5;Background;1.3;894;-1;-1
1210.5;Background;1;895;-1;-1
1211.7;Background;1.2;896;-1;-1
1212.8;Background;1.1;897;-1;249
1212.8;Stimulus;4.6;249;897;97
1212.8;Probe;10.7;97;249;-1
1214.5;Background;1.7;898;-1;-1
1215.7;Background;1.2;899;-1;-1
1217.1;Background;1.4;900;-1;250
1217.1;Stimulus;4.3;250;900;-1
1219;Background;1.9;901;-1;-1
1221;Background;2;902;-1;251
1221;Stimulus;3.9;251;902;-1
1222.3;Background;1.3;903;-1;-1
1223.6;Background;1.3;904;-1;-1
1225;Background;1.4;905;-1;252
1225;Stimulus;4;252;905;98
1225;Probe;12.2;98;252;-1
1226.7;Background;1.7;906;-1;-1
1228;Background;1.3;907;-1;-1
1229;Background;1;908;-1;253
1229;Stimulus;4;253;908;-1
1231;Background;2;909;-1;-1
1233;Background;2;910;-1;254
1233;Stimulus;4;254;910;-1
1234.8;Background;1.8;911;-1;-1
1235.8;Background;1;912;-1;-1
1237;Background;1.2;913;-1;255
1237;Stimulus;4;255;913;99
1237;Probe;12;99;255;8
1237;Level;148.4;8;99;-1
1238.9;Background;1.9;914;-1;-1
1240.5;Background;1.6;915;-1;-1
1242;Background;1.5;916;-1;-1
1243;Background;1;917;-1;-1
1244;Background;1;918;-1;256
1244;Stimulus;7;256;918;-1
1245.4;Background;1.4;919;-1;-1
1247;Background;1.6;920;-1;-1
1248;Background;1;921;-1;257
1248;Stimulus;4;257;921;100
1248;Probe;11;100;257;-1
1249.9;Background;1.9;922;-1;-1
1251.7;Background;1.8;923;-1;-1
1253;Background;1.3;924;-1;-1
1254.2;Background;1.2;925;-1;-1
1255.3;Background;1.1;926;-1;258
1255.3;Stimulus;7.3;258;926;-1
1257.3;Background;2;927;-1;-1
1258.6;Background;1.3;928;-1;-1
1259.6;Background;1;929;-1;259
1259.6;Stimulus;4.3;259;929;101
1259.6;Probe;11.6;101;259;-1
1261.5;Background;1.9;930;-1;-1
1263.3;Background;1.8;931;-1;-1
1264.5;Background;1.2;932;-1;-1
1265.7;Background;1.2;933;-1;260
1265.7;Stimulus;6.1;260;933;-1
1267.2;Background;1.5;934;-1;-1
1268.3;Background;1.1;935;-1;-1
1269.5;Background;1.2;936;-1;-1
1270.6;Background;1.1;937;-1;261
1270.6;Stimulus;4.9;261;937;102
1270.6;Probe;11;102;261;-1
1272.6;Background;2;938;-1;-1
1273.9;Background;1.3;939;-1;-1
1275.4;Background;1.5;940;-1;-1
1277.2;Background;1.8;941;-1;-1
1278.2;Background;1;942;-1;262
1278.2;Stimulus;7.6;262;942;-1
1279.9;Background;1.7;943;-1;-1
1281.1;Background;1.2;944;-1;-1
1282.2;Background;1.1;945;-1;263
1282.2;Stimulus;4;263;945;103
1282.2;Probe;11.6;103;263;-1
1284.1;Background;1.9;946;-1;-1
1285.2;Background;1.1;947;-1;-1
1286.5;Background;1.3;948;-1;264
1286.5;Stimulus;4.3;264;948;-1
1288.5;Background;2;949;-1;-1
1289.6;Background;1.1;950;-1;-1
1290.8;Background;1.2;951;-1;265
1290.8;Stimulus;4.3;265;951;-1
1292.6;Background;1.8;952;-1;-1
1293.6;Background;1;953;-1;-1
1294.8;Background;1.2;954;-1;266
1294.8;Stimulus;4;266;954;104
1294.8;Probe;12.6;104;266;-1
1296.4;Background;1.6;955;-1;-1
1297.4;Background;1;956;-1;-1
1298.8;Background;1.4;957;-1;267
1298.8;Stimulus;4;267;957;-1
1300.6;Background;1.8;958;-1;-1
1302.1;Background;1.5;959;-1;-1
1303.1;Background;1;960;-1;268
1303.1;Stimulus;4.3;268;960;-1
1304.8;Background;1.7;961;-1;-1
1305.8;Background;1;962;-1;-1
1306.9;Background;1.1;963;-1;-1
1308;Background;1.1;964;-1;269
1308;Stimulus;4.9;269;964;105
1308;Probe;13.2;105;269;-1
1309.3;Background;1.3;965;-1;-1
1310.4;Background;1.1;966;-1;-1
1312;Background;1.6;967;-1;270
1312;Stimulus;4;270;967;-1
1313.4;Background;1.4;968;-1;-1
1314.8;Background;1.4;969;-1;-1
1316;Background;1.2;970;-1;271
1316;Stimulus;4;271;970;-1
1317.7;Background;1.7;971;-1;-1
1319.3;Background;1.6;972;-1;-1
1320.3;Background;1;973;-1;272
1320.3;Stimulus;4.3;272;973;106
1320.3;Probe;12.3;106;272;-1
1321.8;Background;1.5;974;-1;-1
1323.3;Background;1.5;975;-1;-1
1324.3;Background;1;976;-1;273
1324.3;Stimulus;4;273;976;-1
1325.3;Background;1;977;-1;-1
1326.3;Background;1;978;-1;-1
1328.2;Background;1.9;979;-1;-1
1329.2;Background;1;980;-1;274
1329.2;Stimulus;4.9;274;980;-1
1330.2;Background;1;981;-1;-1
1331.3;Background;1.1;982;-1;-1
1333.1;Background;1.8;983;-1;-1
1334.1;Background;1;984;-1;275
1334.1;Stimulus;4.9;275;984;107
1334.1;Probe;13.8;107;275;-1
1335.8;Background;1.7;985;-1;-1
1337;Background;1.2;986;-1;-1
1338.5;Background;1.5;987;-1;-1
1339.6;Background;1.1;988;-1;276
1339.6;Stimulus;5.5;276;988;-1
1340.6;Background;1;989;-1;-1
1341.7;Background;1.1;990;-1;-1
1342.9;Background;1.2;991;-1;-1
1343.9;Background;1;992;-1;277
1343.9;Stimulus;4.3;277;992;-1
1345.4;Background;1.5;993;-1;-1
1346.5;Background;1.1;994;-1;-1
1347.7;Background;1.2;995;-1;-1
1348.8;Background;1.1;996;-1;278
1348.8;Stimulus;4.9;278;996;108
1348.8;Probe;14.7;108;278;-1
1350.6;Background;1.8;997;-1;-1
1352.2;Background;1.6;998;-1;-1
1353.4;Background;1.2;999;-1;-1
1354.8;Background;1.4;1000;-1;-1
1355.8;Background;1;1001;-1;279
1355.8;Stimulus;7;279;1001;-1
1357.4;Background;1.6;1002;-1;-1
1358.4;Background;1;1003;-1;-1
1359.4;Background;1;1004;-1;-1
1360.4;Background;1;1005;-1;280
1360.4;Stimulus;4.6;280;1005;109
1360.4;Probe;11.6;109;280;-1
1361.8;Background;1.4;1006;-1;-1
1363.1;Background;1.3;1007;-1;-1
1364.3;Background;1.2;1008;-1;-1
1365.6;Background;1.3;1009;-1;281
1365.6;Stimulus;5.2;281;1009;-1
1367.5;Background;1.9;1010;-1;-1
1368.9;Background;1.4;1011;-1;-1
1369.9;Background;1;1012;-1;282
1369.9;Stimulus;4.3;282;1012;-1
1371.5;Background;1.6;1013;-1;-1
1372.7;Background;1.2;1014;-1;-1
1373.9;Background;1.2;1015;-1;-1
1375.1;Background;1.2;1016;-1;283
1375.1;Stimulus;5.2;283;1016;110
1375.1;Probe;14.7;110;283;-1
1377;Background;1.9;1017;-1;-1
1379;Background;2;1018;-1;284
1379;Stimulus;3.9;284;1018;-1
1380.5;Background;1.5;1019;-1;-1
1381.6;Background;1.1;1020;-1;-1
1382.6;Background;1;1021;-1;-1
1383.6;Background;1;1022;-1;285
1383.6;Stimulus;4.6;285;1022;-1
1385;Background;1.4;1023;-1;-1
1386.1;Background;1.1;1024;-1;-1
1387.1;Background;1;1025;-1;-1
1388.2;Background;1.1;1026;-1;286
1388.2;Stimulus;4.6;286;1026;111
1388.2;Probe;13.1;111;286;9
1388.2;Level;151.2;9;111;-1
1390.2;Background;2;1027;-1;-1
1391.9;Background;1.7;1028;-1;-1
1393.3;Background;1.4;1029;-1;-1
1394.4;Background;1.1;1030;-1;-1
1395.5;Background;1.1;1031;-1;287
1395.5;Stimulus;7.3;287;1031;-1
1397.2;Background;1.7;1032;-1;-1
1398.4;Background;1.2;1033;-1;-1
1399.8;Background;1.4;1034;-1;288
1399.8;Stimulus;4.3;288;1034;112
1399.8;Probe;11.6;112;288;-1
1401.8;Background;2;1035;-1;-1
1403.1;Background;1.3;1036;-1;-1
1404.1;Background;1;1037;-1;289
1404.1;Stimulus;4.3;289;1037;-1
1405.4;Background;1.3;1038;-1;-1
1406.7;Background;1.3;1039;-1;-1
1408.1;Background;1.4;1040;-1;290
1408.1;Stimulus;4;290;1040;-1
1409.8;Background;1.7;1041;-1;-1
1411.1;Background;1.3;1042;-1;-1
1412.1;Background;1;1043;-1;291
1412.1;Stimulus;4;291;1043;113
1412.1;Probe;12.3;113;291;-1
1414;Background;1.9;1044;-1;-1
1415.1;Background;1.1;1045;-1;-1
1416.4;Background;1.3;1046;-1;292
1416.4;Stimulus;4.3;292;1046;-1
1418.4;Background;2;1047;-1;-1
1419.5;Background;1.1;1048;-1;-1
1420.7;Background;1.2;1049;-1;293
1420.7;Stimulus;4.3;293;1049;-1
1422.7;Background;2;1050;-1;-1
1424.7;Background;2;1051;-1;294
1424.7;Stimulus;4;294;1051;114
1424.7;Probe;12.6;114;294;-1
1426.7;Background;2;1052;-1;-1
1428.2;Background;1.5;1053;-1;-1
1429.4;Background;1.2;1054;-1;-1
1430.4;Background;1;1055;-1;-1
1431.4;Background;1;1056;-1;295
1431.4;Stimulus;6.7;295;1056;-1
1433.2;Background;1.8;1057;-1;-1
1434.2;Background;1;1058;-1;-1
1435.4;Background;1.2;1059;-1;296
1435.4;Stimulus;4;296;1059;115
1435.4;Probe;10.7;115;296;-1
1437.3;Background;1.9;1060;-1;-1
1439;Background;1.7;1061;-1;-1
1440.3;Background;1.3;1062;-1;-1
1441.8;Background;1.5;1063;-1;297
1441.8;Stimulus;6.4;297;1063;-1
1443.6;Background;1.8;1064;-1;-1
1445.1;Background;1.5;1065;-1;-1
1446.1;Background;1;1066;-1;298
1446.1;Stimulus;4.3;298;1066;116
1446.1;Probe;10.7;116;298;-1
1447.8;Background;1.7;1067;-1;-1
1449.4;Background;1.6;1068;-1;-1
1450.6;Background;1.2;1069;-1;-1
1451.7;Background;1.1;1070;-1;-1
1452.8;Background;1.1;1071;-1;299
1452.8;Stimulus;6.7;299;1071;-1
1454.5;Background;1.7;1072;-1;-1
1455.5;Background;1;1073;-1;-1
1456.6;Background;1.1;1074;-1;-1
1457.7;Background;1.1;1075;-1;300
1457.7;Stimulus;4.9;300;1075;117
1457.7;Probe;11.6;117;300;-1
1459.3;Background;1.6;1076;-1;-1
1461;Background;1.7;1077;-1;-1
1462.1;Background;1.1;1078;-1;-1
1463.2;Background;1.1;1079;-1;301
1463.2;Stimulus;5.5;301;1079;-1
1464.2;Background;1;1080;-1;-1
1465.3;Background;1.1;1081;-1;-1
1467.1;Background;1.8;1082;-1;-1
1468.4;Background;1.3;1083;-1;302
1468.4;Stimulus;5.2;302;1083;118
1468.4;Probe;10.7;118;302;-1
1470.3;Background;1.9;1084;-1;-1
1471.3;Background;1;1085;-1;-1
1472.7;Background;1.4;1086;-1;-1
1474.5;Background;1.8;1087;-1;303
1474.5;Stimulus;6.1;303;1087;-1
1475.5;Background;1;1088;-1;-1
1476.6;Background;1.1;1089;-1;-1
1477.8;Background;1.2;1090;-1;-1
1479.1;Background;1.3;1091;-1;304
1479.1;Stimulus;4.6;304;1091;119
1479.1;Probe;10.7;119;304;-1
1480.2;Background;1.1;1092;-1;-1
1481.3;Background;1.1;1093;-1;-1
1482.8;Background;1.5;1094;-1;-1
1484.3;Background;1.5;1095;-1;305
1484.3;Stimulus;5.2;305;1095;-1
1486.2;Background;1.9;1096;-1;-1
1487.7;Background;1.5;1097;-1;-1
1489.1;Background;1.4;1098;-1;-1
1490.1;Background;1;1099;-1;306
1490.1;Stimulus;5.8;306;1099;-1
1491.8;Background;1.7;1100;-1;-1
1493.4;Background;1.6;1101;-1;-1
1494.4;Background;1;1102;-1;307
1494.4;Stimulus;4.3;307;1102;120
1494.4;Probe;15.3;120;307;-1
1496.2;Background;1.8;1103;-1;-1
1497.8;Background;1.6;1104;-1;-1
1498.9;Background;1.1;1105;-1;-1
1500.2;Background;1.3;1106;-1;308
1500.2;Stimulus;5.8;308;1106;-1
1501.6;Background;1.4;1107;-1;-1
1502.9;Background;1.3;1108;-1;-1
1504.1;Background;1.2;1109;-1;-1
1505.4;Background;1.3;1110;-1;309
1505.4;Stimulus;5.2;309;1110;121
1505.4;Probe;11;121;309;-1
1506.8;Background;1.4;1111;-1;-1
1508.4;Background;1.6;1112;-1;-1
1509.4;Background;1;1113;-1;310
1509.4;Stimulus;4;310;1113;-1
1511.1;Background;1.7;1114;-1;-1
1512.3;Background;1.2;1115;-1;-1
1513.4;Background;1.1;1116;-1;311
1513.4;Stimulus;4;311;1116;-1
1514.4;Background;1;1117;-1;-1
1515.5;Background;1.1;1118;-1;-1
1516.7;Background;1.2;1119;-1;-1
1517.7;Background;1;1120;-1;312
1517.7;Stimulus;4.3;312;1120;122
1517.7;Probe;12.3;122;312;-1
1519.5;Background;1.8;1121;-1;-1
1520.5;Background;1;1122;-1;-1
1521.7;Background;1.2;1123;-1;313
1521.7;Stimulus;4;313;1123;-1
1523.6;Background;1.9;1124;-1;-1
1525;Background;1.4;1125;-1;-1
1526;Background;1;1126;-1;314
1526;Stimulus;4.3;314;1126;-1
1527;Background;1;1127;-1;-1
1528;Background;1;1128;-1;-1
1529.9;Background;1.9;1129;-1;-1
1530.9;Background;1;1130;-1;315
1530.9;Stimulus;4.9;315;1130;123
1530.9;Probe;13.2;123;315;-1
1531.9;Background;1;1131;-1;-1
1533;Background;1.1;1132;-1;-1
1534.8;Background;1.8;1133;-1;-1
1535.8;Background;1;1134;-1;316
1535.8;Stimulus;4.9;316;1134;-1
1537.5;Background;1.7;1135;-1;-1
1538.7;Background;1.2;1136;-1;-1
1540.1;Background;1.4;1137;-1;317
1540.1;Stimulus;4.3;317;1137;-1
1541.1;Background;1;1138;-1;-1
1542.2;Background;1.1;1139;-1;-1
1543.4;Background;1.2;1140;-1;-1
1544.7;Background;1.3;1141;-1;318
1544.7;Stimulus;4.6;318;1141;124
1544.7;Probe;13.8;124;318;10
1544.7;Level;156.5;10;124;-1
1546.6;Background;1.9;1142;-1;-1
1548.3;Background;1.7;1143;-1;-1
1549.6;Background;1.3;1144;-1;-1
1550.9;Background;1.3;1145;-1;-1
1552.3;Background;1.4;1146;-1;319
1552.3;Stimulus;7.6;319;1146;-1
1553.9;Background;1.6;1147;-1;-1
1554.9;Background;1;1148;-1;-1
1556.3;Background;1.4;1149;-1;320
1556.3;Stimulus;4;320;1149;125
1556.3;Probe;11.6;125;320;-1
1558.3;Background;2;1150;-1;-1
1559.9;Background;1.6;1151;-1;-1
1561.7;Background;1.8;1152;-1;-1
1562.7;Background;1;1153;-1;321
1562.7;Stimulus;6.4;321;1153;-1
1564.3;Background;1.6;1154;-1;-1
1565.5;Background;1.2;1155;-1;-1
1566.7;Background;1.2;1156;-1;-1
1567.9;Background;1.2;1157;-1;322
1567.9;Stimulus;5.2;322;1157;126
1567.9;Probe;11.6;126;322;-1
1569.2;Background;1.3;1158;-1;-1
1570.3;Background;1.1;1159;-1;-1
1571.9;Background;1.6;1160;-1;323
1571.9;Stimulus;4;323;1160;-1
1573.3;Background;1.4;1161;-1;-1
1574.7;Background;1.4;1162;-1;-1
1575.9;Background;1.2;1163;-1;324
1575.9;Stimulus;4;324;1163;-1
1577.4;Background;1.5;1164;-1;-1
1578.9;Background;1.5;1165;-1;-1
1579.9;Background;1;1166;-1;325
1579.9;Stimulus;4;325;1166;127
1579.9;Probe;12;127;325;-1
1581.2;Background;1.3;1167;-1;-1
1582.2;Background;1;1168;-1;-1
1583.4;Background;1.2;1169;-1;-1
1584.5;Background;1.1;1170;-1;326
1584.5;Stimulus;4.6;326;1170;-1
1586.1;Background;1.6;1171;-1;-1
1587.1;Background;1;1172;-1;-1
1588.1;Background;1;1173;-1;-1
1589.1;Background;1;1174;-1;327
1589.1;Stimulus;4.6;327;1174;-1
1590.6;Background;1.5;1175;-1;-1
1591.7;Background;1.1;1176;-1;-1
1592.7;Background;1;1177;-1;-1
1593.7;Background;1;1178;-1;328
1593.7;Stimulus;4.6;328;1178;128
1593.7;Probe;13.8;128;328;-1
1595.6;Background;1.9;1179;-1;-1
1597.6;Background;2;1180;-1;329
1597.6;Stimulus;3.9;329;1180;-1
1599.1;Background;1.5;1181;-1;-1
1600.2;Background;1.1;1182;-1;-1
1601.4;Background;1.2;1183;-1;-1
1602.5;Background;1.1;1184;-1;330
1602.5;Stimulus;4.9;330;1184;-1
1604.2;Background;1.7;1185;-1;-1
1605.2;Background;1;1186;-1;-1
1606.3;Background;1.1;1187;-1;-1
1607.4;Background;1.1;1188;-1;331
1607.4;Stimulus;4.9;331;1188;129
1607.4;Probe;13.7;129;331;-1
1608.8;Background;1.4;1189;-1;-1
1609.9;Background;1.1;1190;-1;-1
1610.9;Background;1;1191;-1;-1
1612;Background;1.1;1192;-1;332
1612;Stimulus;4.6;332;1192;-1
1614;Background;2;1193;-1;-1
1615.3;Background;1.3;1194;-1;-1
1616.3;Background;1;1195;-1;333
1616.3;Stimulus;4.3;333;1195;-1
1617.6;Background;1.3;1196;-1;-1
1618.9;Background;1.3;1197;-1;-1
1620.3;Background;1.4;1198;-1;334
1620.3;Stimulus;4;334;1198;-1
1622;Background;1.7;1199;-1;-1
1623.3;Background;1.3;1200;-1;-1
1624.3;Background;1;1201;-1;335
1624.3;Stimulus;4;335;1201;130
1624.3;Probe;16.9;130;335;-1
1626;Background;1.7;1202;-1;-1
1627.2;Background;1.2;1203;-1;-1
1628.7;Background;1.5;1204;-1;-1
1629.8;Background;1.1;1205;-1;336
1629.8;Stimulus;5.5;336;1205;-1
1631.4;Background;1.6;1206;-1;-1
1633.1;Background;1.7;1207;-1;-1
1634.2;Background;1.1;1208;-1;-1
1635.3;Background;1.1;1209;-1;337
1635.3;Stimulus;5.5;337;1209;131
1635.3;Probe;11;131;337;-1
1637.2;Background;1.9;1210;-1;-1
1639;Background;1.8;1211;-1;-1
1640.3;Background;1.3;1212;-1;-1
1641.5;Background;1.2;1213;-1;-1
1642.6;Background;1.1;1214;-1;338
1642.6;Stimulus;7.3;338;1214;-1
1644.5;Background;1.9;1215;-1;-1
1645.6;Background;1.1;1216;-1;-1
1646.9;Background;1.3;1217;-1;339
1646.9;Stimulus;4.3;339;1217;132
1646.9;Probe;11.6;132;339;-1
1648.9;Background;2;1218;-1;-1
1650.9;Background;2;1219;-1;340
1650.9;Stimulus;4;340;1219;-1
1651.9;Background;1;1220;-1;-1
1653;Background;1.1;1221;-1;-1
1654.2;Background;1.2;1222;-1;-1
1655.5;Background;1.3;1223;-1;341
1655.5;Stimulus;4.6;341;1223;-1
1656.5;Background;1;1224;-1;-1
1657.6;Background;1.1;1225;-1;-1
1658.8;Background;1.2;1226;-1;-1
1660.1;Background;1.3;1227;-1;342
1660.1;Stimulus;4.6;342;1227;133
1660.1;Probe;13.2;133;342;-1
1661.8;Background;1.7;1228;-1;-1
1663;Background;1.2;1229;-1;-1
1664.5;Background;1.5;1230;-1;-1
1665.6;Background;1.1;1231;-1;343
1665.6;Stimulus;5.5;343;1231;-1
1667.6;Background;2;1232;-1;-1
1668.7;Background;1.1;1233;-1;-1
1669.9;Background;1.2;1234;-1;344
1669.9;Stimulus;4.3;344;1234;-1
1670.9;Background;1;1235;-1;-1
1671.9;Background;1;1236;-1;-1
1673.8;Background;1.9;1237;-1;-1
1674.8;Background;1;1238;-1;345
1674.8;Stimulus;4.9;345;1238;134
1674.8;Probe;14.7;134;345;-1
1675.8;Background;1;1239;-1;-1
1676.9;Background;1.1;1240;-1;-1
1678.7;Background;1.8;1241;-1;-1
1680;Background;1.3;1242;-1;346
1680;Stimulus;5.2;346;1242;-1
1681.9;Background;1.9;1243;-1;-1
1683.4;Background;1.5;1244;-1;-1
1684.8;Background;1.4;1245;-1;-1
1685.8;Background;1;1246;-1;347
1685.8;Stimulus;5.8;347;1246;-1
1687.6;Background;1.8;1247;-1;-1
1689.1;Background;1.5;1248;-1;-1
1690.1;Background;1;1249;-1;348
1690.1;Stimulus;4.3;348;1249;135
1690.1;Probe;15.3;135;348;-1
1691.8;Background;1.7;1250;-1;-1
1693.4;Background;1.6;1251;-1;-1
1694.4;Background;1;1252;-1;349
1694.4;Stimulus;4.3;349;1252;-1
1696.2;Background;1.8;1253;-1;-1
1697.2;Background;1;1254;-1;-1
1698.4;Background;1.2;1255;-1;350
1698.4;Stimulus;4;350;1255;-1
1699.8;Background;1.4;1256;-1;-1
1701.4;Background;1.6;1257;-1;-1
1702.4;Background;1;1258;-1;351
1702.4;Stimulus;4;351;1258;136
1702.4;Probe;12.3;136;351;11
1702.4;Level;157.7;11;136;-1
1704.3;Background;1.9;1259;-1;-1
1706;Background;1.7;1260;-1;-1
1707.3;Background;1.3;1261;-1;-1
1708.8;Background;1.5;1262;-1;352
1708.8;Stimulus;6.4;352;1262;-1
1710.1;Background;1.3;1263;-1;-1
1711.1;Background;1;1264;-1;-1
1712.3;Background;1.2;1265;-1;-1
1713.4;Background;1.1;1266;-1;353
1713.4;Stimulus;4.6;353;1266;137
1713.4;Probe;11;137;353;-1
1714.4;Background;1;1267;-1;-1
1715.5;Background;1.1;1268;-1;-1
1717.3;Background;1.8;1269;-1;-1
1718.3;Background;1;1270;-1;354
1718.3;Stimulus;4.9;354;1270;-1
1719.3;Background;1;1271;-1;-1
1720.4;Background;1.1;1272;-1;-1
1721.6;Background;1.2;1273;-1;-1
1722.6;Background;1;1274;-1;355
1722.6;Stimulus;4.3;355;1274;-1
1724.2;Background;1.6;1275;-1;-1
1725.2;Background;1;1276;-1;-1
1726.2;Background;1;1277;-1;-1
1727.2;Background;1;1278;-1;356
1727.2;Stimulus;4.6;356;1278;138
1727.2;Probe;13.8;138;356;-1
1729;Background;1.8;1279;-1;-1
1730.6;Background;1.6;1280;-1;-1
1731.7;Background;1.1;1281;-1;-1
1733;Background;1.3;1282;-1;357
1733;Stimulus;5.8;357;1282;-1
1734.5;Background;1.5;1283;-1;-1
1735.6;Background;1.1;1284;-1;-1
1736.8;Background;1.2;1285;-1;-1
1737.9;Background;1.1;1286;-1;358
1737.9;Stimulus;4.9;358;1286;139
1737.9;Probe;10.7;139;358;-1
1739;Background;1.1;1287;-1;-1
1740.1;Background;1.1;1288;-1;-1
1741.6;Background;1.5;1289;-1;-1
1743.1;Background;1.5;1290;-1;359
1743.1;Stimulus;5.2;359;1290;-1
1745;Background;1.9;1291;-1;-1
1746.4;Background;1.4;1292;-1;-1
1747.4;Background;1;1293;-1;360
1747.4;Stimulus;4.3;360;1293;-1
1748.8;Background;1.4;1294;-1;-1
1750.1;Background;1.3;1295;-1;-1
1751.3;Background;1.2;1296;-1;-1
1752.6;Background;1.3;1297;-1;361
1752.6;Stimulus;5.2;361;1297;140
1752.6;Probe;14.7;140;361;-1
1754.5;Background;1.9;1298;-1;-1
1756.3;Background;1.8;1299;-1;-1
1757.5;Background;1.2;1300;-1;-1
1758.7;Background;1.2;1301;-1;362
1758.7;Stimulus;6.1;362;1301;-1
1760.2;Background;1.5;1302;-1;-1
1761.3;Background;1.1;1303;-1;-1
1762.3;Background;1;1304;-1;-1
1763.3;Background;1;1305;-1;363
1763.3;Stimulus;4.6;363;1305;141
1763.3;Probe;10.7;141;363;-1
1764.9;Background;1.6;1306;-1;-1
1766.6;Background;1.7;1307;-1;-1
1767.7;Background;1.1;1308;-1;-1
1768.8;Background;1.1;1309;-1;364
1768.8;Stimulus;5.5;364;1309;-1
1770.5;Background;1.7;1310;-1;-1
1771.7;Background;1.2;1311;-1;-1
1773.1;Background;1.4;1312;-1;365
1773.1;Stimulus;4.3;365;1312;-1
1774.8;Background;1.7;1313;-1;-1
1775.8;Background;1;1314;-1;-1
1776.9;Background;1.1;1315;-1;-1
1778;Background;1.1;1316;-1;366
1778;Stimulus;4.9;366;1316;142
1778;Probe;14.7;142;366;-1
1779.9;Background;1.9;1317;-1;-1
1781.5;Background;1.6;1318;-1;-1
1783;Background;1.5;1319;-1;-1
1784;Background;1;1320;-1;-1
1785;Background;1;1321;-1;367
1785;Stimulus;7;367;1321;-1
1786.7;Background;1.7;1322;-1;-1
1787.9;Background;1.2;1323;-1;-1
1789;Background;1.1;1324;-1;368
1789;Stimulus;4;368;1324;143
1789;Probe;11;143;368;-1
1791;Background;2;1325;-1;-1
1792.3;Background;1.3;1326;-1;-1
1793.8;Background;1.5;1327;-1;-1
1795.6;Background;1.8;1328;-1;-1
1796.6;Background;1;1329;-1;369
1796.6;Stimulus;7.6;369;1329;-1
1798.4;Background;1.8;1330;-1;-1
1799.4;Background;1;1331;-1;-1
1800.6;Background;1.2;1332;-1;370
1800.6;Stimulus;4;370;1332;144
1800.6;Probe;11.6;144;370;-1
1802.5;Background;1.9;1333;-1;-1
1803.5;Background;1;1334;-1;-1
1804.9;Background;1.4;1335;-1;-1
1806.7;Background;1.8;1336;-1;371
1806.7;Stimulus;6.1;371;1336;-1
1807.7;Background;1;1337;-1;-1
1808.7;Background;1;1338;-1;-1
1810.6;Background;1.9;1339;-1;-1
1811.6;Background;1;1340;-1;372
1811.6;Stimulus;4.9;372;1340;145
1811.6;Probe;11;145;372;-1
1813.6;Background;2;1341;-1;-1
1815.1;Background;1.5;1342;-1;-1
1816.3;Background;1.2;1343;-1;-1
1817.3;Background;1;1344;-1;-1
1818.3;Background;1;1345;-1;373
1818.3;Stimulus;6.7;373;1345;-1
1819.9;Background;1.6;1346;-1;-1
1820.9;Background;1;1347;-1;-1
1822.3;Background;1.4;1348;-1;374
1822.3;Stimulus;4;374;1348;146
1822.3;Probe;10.7;146;374;-1
1823.6;Background;1.3;1349;-1;-1
1824.7;Background;1.1;1350;-1;-1
1826.3;Background;1.6;1351;-1;375
1826.3;Stimulus;4;375;1351;-1
1828.3;Background;2;1352;-1;-1
1829.6;Background;1.3;1353;-1;-1
1830.6;Background;1;1354;-1;376
1830.6;Stimulus;4.3;376;1354;-1
1831.6;Background;1;1355;-1;-1
1832.7;Background;1.1;1356;-1;-1
1834.5;Background;1.8;1357;-1;-1
1835.5;Background;1;1358;-1;377
1835.5;Stimulus;4.9;377;1358;147
1835.5;Probe;13.2;147;377;-1
1837.1;Background;1.6;1359;-1;-1
1838.3;Background;1.2;1360;-1;-1
1839.5;Background;1.2;1361;-1;-1
1840.7;Background;1.2;1362;-1;378
1840.7;Stimulus;5.2;378;1362;-1
1842.6;Background;1.9;1363;-1;-1
1844.1;Background;1.5;1364;-1;-1
1845.5;Background;1.4;1365;-1;-1
1846.5;Background;1;1366;-1;379
1846.5;Stimulus;5.8;379;1366;-1
1848.4;Background;1.9;1367;-1;-1
1849.5;Background;1.1;1368;-1;-1
1850.8;Background;1.3;1369;-1;380
1850.8;Stimulus;4.3;380;1369;148
1850.8;Probe;15.3;148;380;-1
1852.2;Background;1.4;1370;-1;-1
1853.3;Background;1.1;1371;-1;-1
1854.3;Background;1;1372;-1;-1
1855.4;Background;1.1;1373;-1;381
1855.4;Stimulus;4.6;381;1373;-1
1856.4;Background;1;1374;-1;-1
1857.5;Background;1.1;1375;-1;-1
1858.7;Background;1.2;1376;-1;-1
1860;Background;1.3;1377;-1;382
1860;Stimulus;4.6;382;1377;-1
1861;Background;1;1378;-1;-1
1862.1;Background;1.1;1379;-1;-1
1863.3;Background;1.2;1380;-1;-1
1864.6;Background;1.3;1381;-1;383
1864.6;Stimulus;4.6;383;1381;149
1864.6;Probe;13.8;149;383;12
1864.6;Level;162.2;12;149;-1
1866;Background;1.4;1382;-1;-1
1867.4;Background;1.4;1383;-1;-1
1868.6;Background;1.2;1384;-1;384
1868.6;Stimulus;4;384;1384;-1
1870.1;Background;1.5;1385;-1;-1
1871.2;Background;1.1;1386;-1;-1
1872.4;Background;1.2;1387;-1;-1
1873.5;Background;1.1;1388;-1;385
1873.5;Stimulus;4.9;385;1388;-1
1875.2;Background;1.7;1389;-1;-1
1876.2;Background;1;1390;-1;-1
1877.3;Background;1.1;1391;-1;-1
1878.4;Background;1.1;1392;-1;386
1878.4;Stimulus;4.9;386;1392;150
1878.4;Probe;13.8;150;386;-1
1880.2;Background;1.8;1393;-1;-1
1881.8;Background;1.6;1394;-1;-1
1883;Background;1.2;1395;-1;-1
1884.4;Background;1.4;1396;-1;-1
1885.4;Background;1;1397;-1;387
1885.4;Stimulus;7;387;1397;-1
1886.7;Background;1.3;1398;-1;-1
1887.7;Background;1;1399;-1;-1
1888.9;Background;1.2;1400;-1;-1
1890;Background;1.1;1401;-1;388
1890;Stimulus;4.6;388;1401;151
1890;Probe;11.6;151;388;-1
1892;Background;2;1402;-1;-1
1893.7;Background;1.7;1403;-1;-1
1895.1;Background;1.4;1404;-1;-1
1896.2;Background;1.1;1405;-1;-1
1897.3;Background;1.1;1406;-1;389
1897.3;Stimulus;7.3;389;1406;-1
1899.3;Background;2;1407;-1;-1
1900.4;Background;1.1;1408;-1;-1
1901.6;Background;1.2;1409;-1;390
1901.6;Stimulus;4.3;390;1409;152
1901.6;Probe;11.6;152;390;-1
1903.6;Background;2;1410;-1;-1
1905.2;Background;1.6;1411;-1;-1
1907;Background;1.8;1412;-1;-1
1908;Background;1;1413;-1;391
1908;Stimulus;6.4;391;1413;-1
1909.8;Background;1.8;1414;-1;-1
1911.3;Background;1.5;1415;-1;-1
1912.3;Background;1;1416;-1;392
1912.3;Stimulus;4.3;392;1416;153
1912.3;Probe;10.7;153;392;-1
1914;Background;1.7;1417;-1;-1
1915.6;Background;1.6;1418;-1;-1
1916.6;Background;1;1419;-1;393
1916.6;Stimulus;4.3;393;1419;-1
1917.6;Background;1;1420;-1;-1
1918.7;Background;1.1;1421;-1;-1
1919.9;Background;1.2;1422;-1;-1
1920.9;Background;1;1423;-1;394
1920.9;Stimulus;4.3;394;1423;-1
1922.4;Background;1.5;1424;-1;-1
1923.9;Background;1.5;1425;-1;-1
1924.9;Background;1;1426;-1;395
1924.9;Stimulus;4;395;1426;154
1924.9;Probe;12.6;154;395;-1
1926.6;Background;1.7;1427;-1;-1
1928.2;Background;1.6;1428;-1;-1
1929.4;Background;1.2;1429;-1;-1
1930.5;Background;1.1;1430;-1;-1
1931.6;Background;1.1;1431;-1;396
1931.6;Stimulus;6.7;396;1431;-1
1932.6;Background;1;1432;-1;-1
1933.6;Background;1;1433;-1;-1
1935.5;Background;1.9;1434;-1;-1
1936.5;Background;1;1435;-1;397
1936.5;Stimulus;4.9;397;1435;155
1936.5;Probe;11.6;155;397;-1
1938.4;Background;1.9;1436;-1;-1
1940.4;Background;2;1437;-1;398
1940.4;Stimulus;3.9;398;1437;-1
1942;Background;1.6;1438;-1;-1
1943;Background;1;1439;-1;-1
1944;Background;1;1440;-1;-1
1945;Background;1;1441;-1;399
1945;Stimulus;4.6;399;1441;-1
1946.5;Background;1.5;1442;-1;-1
1947.6;Background;1.1;1443;-1;-1
1948.6;Background;1;1444;-1;-1
1949.6;Background;1;1445;-1;400
1949.6;Stimulus;4.6;400;1445;156
1949.6;Probe;13.1;156;400;-1
1951.5;Background;1.9;1446;-1;-1
1953.2;Background;1.7;1447;-1;-1
1954.5;Background;1.3;1448;-1;-1
1955.8;Background;1.3;1449;-1;-1
1957.2;Background;1.4;1450;-1;401
1957.2;Stimulus;7.6;401;1450;-1
1958.5;Background;1.3;1451;-1;-1
1959.8;Background;1.3;1452;-1;-1
1961.2;Background;1.4;1453;-1;402
1961.2;Stimulus;4;402;1453;157
1961.2;Probe;11.6;157;402;-1
1962.9;Background;1.7;1454;-1;-1
1964.1;Background;1.2;1455;-1;-1
1965.6;Background;1.5;1456;-1;-1
1966.7;Background;1.1;1457;-1;403
1966.7;Stimulus;5.5;403;1457;-1
1967.7;Background;1;1458;-1;-1
1968.8;Background;1.1;1459;-1;-1
1970.6;Background;1.8;1460;-1;-1
1971.9;Background;1.3;1461;-1;404
1971.9;Stimulus;5.2;404;1461;158
1971.9;Probe;10.7;158;404;-1
1973.8;Background;1.9;1462;-1;-1
1975.6;Background;1.8;1463;-1;-1
1976.8;Background;1.2;1464;-1;-1
1978;Background;1.2;1465;-1;405
1978;Stimulus;6.1;405;1465;-1
1979.4;Background;1.4;1466;-1;-1
1980.5;Background;1.1;1467;-1;-1
1981.5;Background;1;1468;-1;-1
1982.6;Background;1.1;1469;-1;406
1982.6;Stimulus;4.6;406;1469;159
1982.6;Probe;10.7;159;406;-1
1983.7;Background;1.1;1470;-1;-1
1984.8;Background;1.1;1471;-1;-1
1986.3;Background;1.5;1472;-1;-1
1987.8;Background;1.5;1473;-1;407
1987.8;Stimulus;5.2;407;1473;-1
1989.7;Background;1.9;1474;-1;-1
1991.1;Background;1.4;1475;-1;-1
1992.1;Background;1;1476;-1;408
1992.1;Stimulus;4.3;408;1476;-1
1993.5;Background;1.4;1477;-1;-1
1994.8;Background;1.3;1478;-1;-1
1996;Background;1.2;1479;-1;-1
1997.3;Background;1.3;1480;-1;409
1997.3;Stimulus;5.2;409;1480;160
1997.3;Probe;14.7;160;409;-1
1999;Background;1.7;1481;-1;-1
2000.3;Background;1.3;1482;-1;-1
2001.3;Background;1;1483;-1;410
2001.3;Stimulus;4;410;1483;-1
2003.3;Background;2;1484;-1;-1
2005.3;Background;2;1485;-1;411
2005.3;Stimulus;4;411;1485;-1
2007;Background;1.7;1486;-1;-1
2008.2;Background;1.2;1487;-1;-1
2009.6;Background;1.4;1488;-1;412
2009.6;Stimulus;4.3;412;1488;161
2009.6;Probe;12.3;161;412;13
2009.6;Level;145;13;161;-1
2011.5;Background;1.9;1489;-1;-1
2013.2;Background;1.7;1490;-1;-1
2014.5;Background;1.3;1491;-1;-1
2016;Background;1.5;1492;-1;413
2016;Stimulus;6.4;413;1492;-1
2017.6;Background;1.6;1493;-1;-1
2018.8;Background;1.2;1494;-1;-1
2020;Background;1.2;1495;-1;-1
2021.2;Background;1.2;1496;-1;414
2021.2;Stimulus;5.2;414;1496;162
2021.2;Probe;11.6;162;414;-1
2023;Background;1.8;1497;-1;-1
2024;Background;1;1498;-1;-1
2025.2;Background;1.2;1499;-1;415
2025.2;Stimulus;4;415;1499;-1
2026.6;Background;1.4;1500;-1;-1
2028.2;Background;1.6;1501;-1;-1
2029.2;Background;1;1502;-1;416
2029.2;Stimulus;4;416;1502;-1
2030.9;Background;1.7;1503;-1;-1
2032.1;Background;1.2;1504;-1;-1
2033.2;Background;1.1;1505;-1;417
2033.2;Stimulus;4;417;1505;163
2033.2;Probe;12;163;417;-1
2035.2;Background;2;1506;-1;-1
2036.5;Background;1.3;1507;-1;-1
2037.5;Background;1;1508;-1;418
2037.5;Stimulus;4.3;418;1508;-1
2039.3;Background;1.8;1509;-1;-1
2040.3;Background;1;1510;-1;-1
2041.5;Background;1.2;1511;-1;419
2041.5;Stimulus;4;419;1511;-1
2043.1;Background;1.6;1512;-1;-1
2044.1;Background;1;1513;-1;-1
2045.5;Background;1.4;1514;-1;420
2045.5;Stimulus;4;420;1514;164
2045.5;Probe;12.3;164;420;-1
2047.3;Background;1.8;1515;-1;-1
2048.9;Background;1.6;1516;-1;-1
2050;Background;1.1;1517;-1;-1
2051.3;Background;1.3;1518;-1;421
2051.3;Stimulus;5.8;421;1518;-1
2052.3;Background;1;1519;-1;-1
2053.4;Background;1.1;1520;-1;-1
2055.2;Background;1.8;1521;-1;-1
2056.5;Background;1.3;1522;-1;422
2056.5;Stimulus;5.2;422;1522;165
2056.5;Probe;11;165;422;-1
2058.1;Background;1.6;1523;-1;-1
2059.8;Background;1.7;1524;-1;-1
2060.9;Background;1.1;1525;-1;-1
2062;Background;1.1;1526;-1;423
2062;Stimulus;5.5;423;1526;-1
2063.7;Background;1.7;1527;-1;-1
2064.9;Background;1.2;1528;-1;-1
2066.4;Background;1.5;1529;-1;-1
2067.5;Background;1.1;1530;-1;424
2067.5;Stimulus;5.5;424;1530;166
2067.5;Probe;11;166;424;-1
2069.4;Background;1.9;1531;-1;-1
2070.5;Background;1.1;1532;-1;-1
2071.8;Background;1.3;1533;-1;425
2071.8;Stimulus;4.3;425;1533;-1
2073.8;Background;2;1534;-1;-1
2074.9;Background;1.1;1535;-1;-1
2076.1;Background;1.2;1536;-1;426
2076.1;Stimulus;4.3;426;1536;-1
2077.4;Background;1.3;1537;-1;-1
2078.5;Background;1.1;1538;-1;-1
2080.1;Background;1.6;1539;-1;427
2080.1;Stimulus;4;427;1539;167
2080.1;Probe;12.6;167;427;-1
2082.1;Background;2;1540;-1;-1
2083.7;Background;1.6;1541;-1;-1
2085.5;Background;1.8;1542;-1;-1
2086.5;Background;1;1543;-1;428
2086.5;Stimulus;6.4;428;1543;-1
2087.5;Background;1;1544;-1;-1
2088.6;Background;1.1;1545;-1;-1
2089.8;Background;1.2;1546;-1;-1
2091.1;Background;1.3;1547;-1;429
2091.1;Stimulus;4.6;429;1547;168
2091.1;Probe;11;168;429;-1
2092.7;Background;1.6;1548;-1;-1
2094.4;Background;1.7;1549;-1;-1
2095.5;Background;1.1;1550;-1;-1
2096.6;Background;1.1;1551;-1;430
2096.6;Stimulus;5.5;430;1551;-1
2098.4;Background;1.8;1552;-1;-1
2099.9;Background;1.5;1553;-1;-1
2100.9;Background;1;1554;-1;431
2100.9;Stimulus;4.3;431;1554;-1
2101.9;Background;1;1555;-1;-1
2103;Background;1.1;1556;-1;-1
2104.8;Background;1.8;1557;-1;-1
2105.8;Background;1;1558;-1;432
2105.8;Stimulus;4.9;432;1558;169
2105.8;Probe;14.7;169;432;-1
2107.2;Background;1.4;1559;-1;-1
2108.6;Background;1.4;1560;-1;-1
2109.8;Background;1.2;1561;-1;433
2109.8;Stimulus;4;433;1561;-1
2111.3;Background;1.5;1562;-1;-1
2112.8;Background;1.5;1563;-1;-1
2113.8;Background;1;1564;-1;434
2113.8;Stimulus;4;434;1564;-1
2115.5;Background;1.7;1565;-1;-1
2117.1;Background;1.6;1566;-1;-1
2118.1;Background;1;1567;-1;435
2118.1;Stimulus;4.3;435;1567;170
2118.1;Probe;12.3;170;435;-1
2120;Background;1.9;1568;-1;-1
2121.5;Background;1.5;1569;-1;-1
2122.9;Background;1.4;1570;-1;-1
2123.9;Background;1;1571;-1;436
2123.9;Stimulus;5.8;436;1571;-1
2125.4;Background;1.5;1572;-1;-1
2126.5;Background;1.1;1573;-1;-1
2127.7;Background;1.2;1574;-1;-1
2128.8;Background;1.1;1575;-1;437
2128.8;Stimulus;4.9;437;1575;171
2128.8;Probe;10.7;171;437;-1
2129.9;Background;1.1;1576;-1;-1
2131;Background;1.1;1577;-1;-1
2132.5;Background;1.5;1578;-1;-1
2134;Background;1.5;1579;-1;438
2134;Stimulus;5.2;438;1579;-1
2135;Background;1;1580;-1;-1
2136.1;Background;1.1;1581;-1;-1
2137.3;Background;1.2;1582;-1;-1
2138.3;Background;1;1583;-1;439
2138.3;Stimulus;4.3;439;1583;-1
2139.7;Background;1.4;1584;-1;-1
2141;Background;1.3;1585;-1;-1
2142.2;Background;1.2;1586;-1;-1
2143.5;Background;1.3;1587;-1;440
2143.5;Stimulus;5.2;440;1587;172
2143.5;Probe;14.7;172;440;-1
2145.4;Background;1.9;1588;-1;-1
2147.4;Background;2;1589;-1;441
2147.4;Stimulus;3.9;441;1589;-1
2149.3;Background;1.9;1590;-1;-1
2150.7;Background;1.4;1591;-1;-1
2151.7;Background;1;1592;-1;442
2151.7;Stimulus;4.3;442;1592;-1
2153.4;Background;1.7;1593;-1;-1
2154.4;Background;1;1594;-1;-1
2155.5;Background;1.1;1595;-1;-1
2156.6;Background;1.1;1596;-1;443
2156.6;Stimulus;4.9;443;1596;173
2156.6;Probe;13.1;173;443;-1
2157.9;Background;1.3;1597;-1;-1
2159.2;Background;1.3;1598;-1;-1
2160.6;Background;1.4;1599;-1;444
2160.6;Stimulus;4;444;1599;-1
2161.6;Background;1;1600;-1;-1
2162.7;Background;1.1;1601;-1;-1
2163.9;Background;1.2;1602;-1;-1
2165.2;Background;1.3;1603;-1;445
2165.2;Stimulus;4.6;445;1603;-1
2166.5;Background;1.3;1604;-1;-1
2167.5;Background;1;1605;-1;-1
2168.7;Background;1.2;1606;-1;-1
2169.8;Background;1.1;1607;-1;446
2169.8;Stimulus;4.6;446;1607;174
2169.8;Probe;13.2;174;446;14
2169.8;Level;160.2;14;174;-1
2170.8;Background;1;1608;-1;-1
2171.8;Background;1;1609;-1;-1
2173.7;Background;1.9;1610;-1;-1
2174.7;Background;1;1611;-1;447
2174.7;Stimulus;4.9;447;1611;-1
2176.4;Background;1.7;1612;-1;-1
2177.6;Background;1.2;1613;-1;-1
2179;Background;1.4;1614;-1;448
2179;Stimulus;4.3;448;1614;-1
2180.6;Background;1.6;1615;-1;-1
2181.6;Background;1;1616;-1;-1
2182.6;Background;1;1617;-1;-1
2183.6;Background;1;1618;-1;449
2183.6;Stimulus;4.6;449;1618;175
2183.6;Probe;13.8;175;449;-1
2185.2;Background;1.6;1619;-1;-1
2186.4;Background;1.2;1620;-1;-1
2187.6;Background;1.2;1621;-1;-1
2188.8;Background;1.2;1622;-1;450
2188.8;Stimulus;5.2;450;1622;-1
2190.6;Background;1.8;1623;-1;-1
2192.2;Background;1.6;1624;-1;-1
2193.3;Background;1.1;1625;-1;-1
2194.6;Background;1.3;1626;-1;451
2194.6;Stimulus;5.8;451;1626;-1
2196.6;Background;2;1627;-1;-1
2197.9;Background;1.3;1628;-1;-1
2198.9;Background;1;1629;-1;452
2198.9;Stimulus;4.3;452;1629;176
2198.9;Probe;15.3;176;452;-1
2200.6;Background;1.7;1630;-1;-1
2201.9;Background;1.3;1631;-1;-1
2202.9;Background;1;1632;-1;453
2202.9;Stimulus;4;453;1632;-1
2204.8;Background;1.9;1633;-1;-1
2205.9;Background;1.1;1634;-1;-1
2207.2;Background;1.3;1635;-1;454
2207.2;Stimulus;4.3;454;1635;-1
2208.2;Background;1;1636;-1;-1
2209.3;Background;1.1;1637;-1;-1
2211.1;Background;1.8;1638;-1;-1
2212.1;Background;1;1639;-1;455
2212.1;Stimulus;4.9;455;1639;177
2212.1;Probe;13.2;177;455;-1
2213.6;Background;1.5;1640;-1;-1
2214.7;Background;1.1;1641;-1;-1
2215.7;Background;1;1642;-1;-1
2216.7;Background;1;1643;-1;456
2216.7;Stimulus;4.6;456;1643;-1
2218.1;Background;1.4;1644;-1;-1
2219.2;Background;1.1;1645;-1;-1
2220.2;Background;1;1646;-1;-1
2221.3;Background;1.1;1647;-1;457
2221.3;Stimulus;4.6;457;1647;-1
2222.3;Background;1;1648;-1;-1
2223.4;Background;1.1;1649;-1;-1
2224.6;Background;1.2;1650;-1;-1
2225.9;Background;1.3;1651;-1;458
2225.9;Stimulus;4.6;458;1651;178
2225.9;Probe;13.8;178;458;-1
2227.8;Background;1.9;1652;-1;-1
2229.6;Background;1.8;1653;-1;-1
2230.9;Background;1.3;1654;-1;-1
2232.1;Background;1.2;1655;-1;-1
2233.2;Background;1.1;1656;-1;459
2233.2;Stimulus;7.3;459;1656;-1
2235.2;Background;2;1657;-1;-1
2236.3;Background;1.1;1658;-1;-1
2237.5;Background;1.2;1659;-1;460
2237.5;Stimulus;4.3;460;1659;179
2237.5;Probe;11.6;179;460;-1
2239.3;Background;1.8;1660;-1;-1
2240.8;Background;1.5;1661;-1;-1
2241.8;Background;1;1662;-1;461
2241.8;Stimulus;4.3;461;1662;-1
2243.8;Background;2;1663;-1;-1
2245.8;Background;2;1664;-1;462
2245.8;Stimulus;4;462;1664;-1
2247.6;Background;1.8;1665;-1;-1
2248.6;Background;1;1666;-1;-1
2249.8;Background;1.2;1667;-1;463
2249.8;Stimulus;4;463;1667;-1
2251.2;Background;1.4;1668;-1;-1
2252.8;Background;1.6;1669;-1;-1
2253.8;Background;1;1670;-1;464
2253.8;Stimulus;4;464;1670;180
2253.8;Probe;16.3;180;464;-1
2255.8;Background;2;1671;-1;-1
2257.1;Background;1.3;1672;-1;-1
2258.6;Background;1.5;1673;-1;-1
2260.4;Background;1.8;1674;-1;-1
2261.4;Background;1;1675;-1;465
2261.4;Stimulus;7.6;465;1675;-1
2263.1;Background;1.7;1676;-1;-1
2264.3;Background;1.2;1677;-1;-1
2265.4;Background;1.1;1678;-1;466
2265.4;Stimulus;4;466;1678;181
2265.4;Probe;11.6;181;466;-1
2267.1;Background;1.7;1679;-1;-1
2268.7;Background;1.6;1680;-1;-1
2269.7;Background;1;1681;-1;467
2269.7;Stimulus;4.3;467;1681;-1
2271.5;Background;1.8;1682;-1;-1
2272.5;Background;1;1683;-1;-1
2273.7;Background;1.2;1684;-1;468
2273.7;Stimulus;4;468;1684;-1
2275.3;Background;1.6;1685;-1;-1
2276.3;Background;1;1686;-1;-1
2277.7;Background;1.4;1687;-1;469
2277.7;Stimulus;4;469;1687;182
2277.7;Probe;12.3;182;469;-1
2279.6;Background;1.9;1688;-1;-1
2280.6;Background;1;1689;-1;-1
2282;Background;1.4;1690;-1;-1
2283.8;Background;1.8;1691;-1;470
2283.8;Stimulus;6.1;470;1691;-1
2284.8;Background;1;1692;-1;-1
2285.9;Background;1.1;1693;-1;-1
2287.1;Background;1.2;1694;-1;-1
2288.4;Background;1.3;1695;-1;471
2288.4;Stimulus;4.6;471;1695;183
2288.4;Probe;10.7;183;471;-1
2289.7;Background;1.3;1696;-1;-1
2290.7;Background;1;1697;-1;-1
2291.9;Background;1.2;1698;-1;-1
2293;Background;1.1;1699;-1;472
2293;Stimulus;4.6;472;1699;-1
2294;Background;1;1700;-1;-1
2295.1;Background;1.1;1701;-1;-1
2296.3;Background;1.2;1702;-1;-1
2297.3;Background;1;1703;-1;473
2297.3;Stimulus;4.3;473;1703;-1
2298.6;Background;1.3;1704;-1;-1
2299.7;Background;1.1;1705;-1;-1
2301.3;Background;1.6;1706;-1;474
2301.3;Stimulus;4;474;1706;-1
2302.7;Background;1.4;1707;-1;-1
2304.1;Background;1.4;1708;-1;-1
2305.3;Background;1.2;1709;-1;475
2305.3;Stimulus;4;475;1709;184
2305.3;Probe;16.9;184;475;-1
2307.2;Background;1.9;1710;-1;-1
2308.8;Background;1.6;1711;-1;-1
2310.3;Background;1.5;1712;-1;-1
2311.3;Background;1;1713;-1;-1
2312.3;Background;1;1714;-1;476
2312.3;Stimulus;7;476;1714;-1
2313.9;Background;1.6;1715;-1;-1
2314.9;Background;1;1716;-1;-1
2315.9;Background;1;1717;-1;-1
2316.9;Background;1;1718;-1;477
2316.9;Stimulus;4.6;477;1718;185
2316.9;Probe;11.6;185;477;-1
2318.9;Background;2;1719;-1;-1
2320.59999999999;Background;1.7;1720;-1;-1
2322;Background;1.4;1721;-1;-1
2323.09999999999;Background;1.1;1722;-1;-1
2324.19999999999;Background;1.1;1723;-1;478
2324.2;Stimulus;7.3;478;1723;-1
2326.09999999999;Background;1.9;1724;-1;-1
2327.5;Background;1.4;1725;-1;-1
2328.5;Background;1;1726;-1;479
2328.5;Stimulus;4.3;479;1726;186
2328.5;Probe;11.6;186;479;-1
2330;Background;1.5;1727;-1;-1
2331.09999999999;Background;1.1;1728;-1;-1
2332.09999999999;Background;1;1729;-1;-1
2333.09999999999;Background;1;1730;-1;480
2333.1;Stimulus;4.6;480;1730;-1
2334.79999999999;Background;1.7;1731;-1;-1
2335.99999999999;Background;1.2;1732;-1;-1
2337.39999999999;Background;1.4;1733;-1;481
2337.4;Stimulus;4.3;481;1733;-1
2338.89999999999;Background;1.5;1734;-1;-1
2340.39999999999;Background;1.5;1735;-1;-1
2341.39999999999;Background;1;1736;-1;482
2341.4;Stimulus;4;482;1736;-1
2343.29999999999;Background;1.9;1737;-1;-1
2345.29999999999;Background;2;1738;-1;483
2345.3;Stimulus;3.9;483;1738;187
2345.3;Probe;16.8;187;483;15
2345.3;Level;175.5;15;187;-1
2347.09999999999;Background;1.8;1739;-1;-1
2348.69999999999;Background;1.6;1740;-1;-1
2349.89999999999;Background;1.2;1741;-1;-1
2351.29999999999;Background;1.4;1742;-1;-1
2352.29999999999;Background;1;1743;-1;484
2352.3;Stimulus;7;484;1743;-1
2353.59999999999;Background;1.3;1744;-1;-1
2354.9;Background;1.3;1745;-1;-1
2356.3;Background;1.4;1746;-1;485
2356.3;Stimulus;4;485;1746;188
2356.3;Probe;11;188;485;-1
2358;Background;1.7;1747;-1;-1
2359.3;Background;1.3;1748;-1;-1
2360.3;Background;1;1749;-1;486
2360.3;Stimulus;4;486;1749;-1
2361.7;Background;1.4;1750;-1;-1
2362.8;Background;1.1;1751;-1;-1
2363.8;Background;1;1752;-1;-1
2364.9;Background;1.1;1753;-1;487
2364.9;Stimulus;4.6;487;1753;-1
2365.9;Background;1;1754;-1;-1
2367;Background;1.1;1755;-1;-1
2368.19999999999;Background;1.2;1756;-1;-1
2369.5;Background;1.3;1757;-1;488
2369.5;Stimulus;4.6;488;1757;189
2369.5;Probe;13.2;189;488;-1
2371.4;Background;1.9;1758;-1;-1
2373.2;Background;1.8;1759;-1;-1
2374.4;Background;1.2;1760;-1;-1
2375.59999999999;Background;1.2;1761;-1;489
2375.6;Stimulus;6.1;489;1761;-1
2377.09999999999;Background;1.5;1762;-1;-1
2378.19999999999;Background;1.1;1763;-1;-1
2379.39999999999;Background;1.2;1764;-1;-1
2380.49999999999;Background;1.1;1765;-1;490
2380.5;Stimulus;4.9;490;1765;190
2380.5;Probe;11;190;490;-1
2382.49999999999;Background;2;1766;-1;-1
2383.99999999999;Background;1.5;1767;-1;-1
2385.19999999999;Background;1.2;1768;-1;-1
2386.19999999999;Background;1;1769;-1;-1
2387.19999999999;Background;1;1770;-1;491
2387.2;Stimulus;6.7;491;1770;-1
2389.19999999999;Background;2;1771;-1;-1
2391.19999999999;Background;2;1772;-1;492
2391.2;Stimulus;4;492;1772;191
2391.2;Probe;10.7;191;492;-1
2393.19999999999;Background;2;1773;-1;-1
2394.49999999999;Background;1.3;1774;-1;-1
2395.49999999999;Background;1;1775;-1;493
2395.5;Stimulus;4.3;493;1775;-1
2397.29999999999;Background;1.8;1776;-1;-1
2398.29999999999;Background;1;1777;-1;-1
2399.49999999999;Background;1.2;1778;-1;494
2399.5;Stimulus;4;494;1778;-1
2400.89999999999;Background;1.4;1779;-1;-1
2402.49999999999;Background;1.6;1780;-1;-1
2403.49999999999;Background;1;1781;-1;495
2403.5;Stimulus;4;495;1781;-1
2405.19999999999;Background;1.7;1782;-1;-1
2406.39999999999;Background;1.2;1783;-1;-1
2407.49999999999;Background;1.1;1784;-1;496
2407.5;Stimulus;4;496;1784;192
2407.5;Probe;16.3;192;496;-1
2409.39999999999;Background;1.9;1785;-1;-1
2410.49999999999;Background;1.1;1786;-1;-1
2411.79999999999;Background;1.3;1787;-1;497
2411.8;Stimulus;4.3;497;1787;-1
2413.79999999999;Background;2;1788;-1;-1
2414.89999999999;Background;1.1;1789;-1;-1
2416.09999999999;Background;1.2;1790;-1;498
2416.1;Stimulus;4.3;498;1790;-1
2417.89999999999;Background;1.8;1791;-1;-1
2418.89999999999;Background;1;1792;-1;-1
2420.09999999999;Background;1.2;1793;-1;499
2420.1;Stimulus;4;499;1793;193
2420.1;Probe;12.6;193;499;-1
2421.69999999999;Background;1.6;1794;-1;-1
2422.69999999999;Background;1;1795;-1;-1
2424.09999999999;Background;1.4;1796;-1;500
2424.1;Stimulus;4;500;1796;-1
2425.89999999999;Background;1.8;1797;-1;-1
2427.39999999999;Background;1.5;1798;-1;-1
2428.39999999999;Background;1;1799;-1;501
2428.4;Stimulus;4.3;501;1799;-1
2430.09999999999;Background;1.7;1800;-1;-1
2431.09999999999;Background;1;1801;-1;-1
2432.19999999999;Background;1.1;1802;-1;-1
2433.29999999999;Background;1.1;1803;-1;502
2433.3;Stimulus;4.9;502;1803;194
2433.3;Probe;13.2;194;502;-1
2435.19999999999;Background;1.9;1804;-1;-1
2436.89999999999;Background;1.7;1805;-1;-1
2438.19999999999;Background;1.3;1806;-1;-1
2439.69999999999;Background;1.5;1807;-1;503
2439.7;Stimulus;6.4;503;1807;-1
2441.39999999999;Background;1.7;1808;-1;-1
2442.99999999999;Background;1.6;1809;-1;-1
2443.99999999999;Background;1;1810;-1;504
2444;Stimulus;4.3;504;1810;195
2444;Probe;10.7;195;504;-1
2445.29999999999;Background;1.3;1811;-1;-1
2446.39999999999;Background;1.1;1812;-1;-1
2447.99999999999;Background;1.6;1813;-1;505
2448;Stimulus;4;505;1813;-1
2449.39999999999;Background;1.4;1814;-1;-1
2450.79999999999;Background;1.4;1815;-1;-1
2451.99999999999;Background;1.2;1816;-1;506
2452;Stimulus;4;506;1816;-1
2452.99999999999;Background;1;1817;-1;-1
2454.09999999999;Background;1.1;1818;-1;-1
2455.29999999999;Background;1.2;1819;-1;-1
2456.29999999999;Background;1;1820;-1;507
2456.3;Stimulus;4.3;507;1820;196
2456.3;Probe;12.3;196;507;-1
2457.79999999999;Background;1.5;1821;-1;-1
2459.29999999999;Background;1.5;1822;-1;-1
2460.29999999999;Background;1;1823;-1;508
2460.3;Stimulus;4;508;1823;-1
2461.29999999999;Background;1;1824;-1;-1
2462.39999999999;Background;1.1;1825;-1;-1
2463.59999999999;Background;1.2;1826;-1;-1
2464.89999999999;Background;1.3;1827;-1;509
2464.9;Stimulus;4.6;509;1827;-1
2466.19999999999;Background;1.3;1828;-1;-1
2467.19999999999;Background;1;1829;-1;-1
2468.39999999999;Background;1.2;1830;-1;-1
2469.49999999999;Background;1.1;1831;-1;510
2469.5;Stimulus;4.6;510;1831;197
2469.5;Probe;13.2;197;510;-1
2471.19999999999;Background;1.7;1832;-1;-1
2472.39999999999;Background;1.2;1833;-1;-1
2473.89999999999;Background;1.5;1834;-1;-1
2474.99999999999;Background;1.1;1835;-1;511
2475;Stimulus;5.5;511;1835;-1
2475.99999999999;Background;1;1836;-1;-1
2477.09999999999;Background;1.1;1837;-1;-1
2478.89999999999;Background;1.8;1838;-1;-1
2480.19999999999;Background;1.3;1839;-1;512
2480.2;Stimulus;5.2;512;1839;198
2480.2;Probe;10.7;198;512;-1
2481.19999999999;Background;1;1840;-1;-1
2482.19999999999;Background;1;1841;-1;-1
2484.09999999999;Background;1.9;1842;-1;-1
2485.09999999999;Background;1;1843;-1;513
2485.1;Stimulus;4.9;513;1843;-1
2486.69999999999;Background;1.6;1844;-1;-1
2487.69999999999;Background;1;1845;-1;-1
2488.69999999999;Background;1;1846;-1;-1
2489.69999999999;Background;1;1847;-1;514
2489.7;Stimulus;4.6;514;1847;-1
2491.59999999999;Background;1.9;1848;-1;-1
2492.99999999999;Background;1.4;1849;-1;-1
2493.99999999999;Background;1;1850;-1;515
2494;Stimulus;4.3;515;1850;-1
2495.89999999999;Background;1.9;1851;-1;-1
2497.89999999999;Background;2;1852;-1;516
2497.9;Stimulus;3.9;516;1852;199
2497.9;Probe;17.7;199;516;16
2497.9;Level;152.6;16;199;-1
